repeat_id	total_infer_time	total_distance	avg_infer_time	avg_distance

========== Repeat 1 ==========
instance=  1	infer_time= 1.109s	distance= 12.3121	path=[0, 84, 91, 49, 61, 46, 56, 70, 26, 68, 81, 24, 93, 88, 19, 30, 59, 2, 52, 31, 72, 4, 54, 65, 18, 67, 96, 53, 33, 34, 63, 6, 57, 62, 17, 8, 94, 80, 9, 89, 79, 66, 50, 27, 16, 60, 69, 35, 12, 7, 11, 13, 32, 71, 28, 41, 29, 92, 98, 86, 95, 23, 38, 85, 76, 77, 5, 73, 78, 25, 21, 99, 82, 74, 36, 87, 83, 55, 48, 39, 90, 64, 1, 20, 3, 15, 43, 45, 37, 75, 47, 42, 44, 51, 22, 97, 14, 10, 58, 40, 100]
instance=  2	infer_time= 0.983s	distance=  8.2716	path=[0, 77, 68, 91, 54, 92, 17, 46, 49, 50, 22, 36, 41, 70, 10, 37, 59, 30, 14, 28, 94, 20, 61, 69, 34, 67, 39, 32, 95, 15, 66, 56, 1, 85, 93, 73, 44, 62, 63, 64, 9, 31, 33, 35, 8, 38, 12, 23, 52, 2, 65, 45, 76, 26, 47, 82, 42, 60, 48, 7, 27, 96, 51, 25, 55, 4, 58, 24, 18, 19, 29, 99, 74, 21, 40, 75, 90, 83, 11, 84, 5, 89, 81, 88, 3, 13, 71, 98, 79, 43, 72, 86, 87, 78, 16, 57, 97, 6, 53, 80, 100]
instance=  3	infer_time= 0.986s	distance=  9.6558	path=[0, 92, 39, 9, 87, 49, 46, 10, 22, 7, 71, 61, 88, 40, 33, 54, 76, 59, 91, 32, 95, 81, 70, 98, 3, 55, 66, 4, 73, 8, 41, 25, 85, 84, 63, 82, 13, 43, 57, 36, 2, 18, 45, 62, 27, 1, 56, 72, 79, 5, 65, 35, 6, 78, 67, 53, 16, 21, 51, 17, 29, 38, 12, 60, 83, 30, 58, 89, 90, 15, 24, 14, 48, 28, 93, 19, 37, 77, 74, 20, 97, 86, 47, 31, 23, 11, 68, 50, 26, 99, 34, 94, 52, 64, 96, 69, 44, 42, 80, 75, 100]
instance=  4	infer_time= 0.985s	distance=  8.8874	path=[0, 17, 37, 40, 18, 27, 95, 36, 58, 8, 70, 48, 10, 59, 16, 96, 33, 61, 94, 80, 49, 97, 21, 14, 76, 23, 78, 69, 93, 87, 82, 98, 13, 79, 45, 86, 19, 9, 38, 20, 92, 60, 91, 77, 29, 25, 6, 52, 46, 30, 5, 47, 57, 83, 11, 64, 35, 39, 72, 22, 7, 62, 84, 99, 53, 12, 75, 34, 3, 44, 32, 89, 41, 73, 90, 54, 55, 28, 42, 88, 4, 85, 68, 31, 63, 1, 81, 50, 67, 26, 56, 74, 66, 24, 15, 65, 2, 51, 71, 43, 100]
instance=  5	infer_time= 0.975s	distance= 10.2238	path=[0, 46, 52, 93, 26, 51, 15, 59, 23, 12, 2, 38, 98, 86, 7, 88, 74, 87, 78, 35, 70, 17, 8, 48, 72, 67, 61, 45, 36, 43, 76, 50, 94, 3, 5, 62, 63, 47, 90, 58, 32, 34, 20, 56, 92, 71, 65, 27, 10, 68, 25, 95, 19, 22, 66, 31, 1, 9, 30, 37, 16, 13, 29, 28, 33, 42, 57, 64, 49, 4, 73, 81, 99, 21, 89, 83, 80, 91, 69, 97, 60, 39, 44, 41, 82, 54, 18, 75, 79, 53, 11, 6, 84, 55, 85, 40, 77, 24, 96, 14, 100]
instance=  6	infer_time= 0.980s	distance=  9.2494	path=[0, 63, 29, 17, 28, 69, 92, 61, 38, 60, 41, 46, 48, 30, 64, 62, 84, 83, 19, 37, 31, 15, 1, 50, 80, 90, 34, 18, 24, 32, 79, 27, 75, 96, 4, 39, 20, 85, 87, 97, 66, 56, 95, 9, 53, 91, 99, 5, 59, 57, 74, 77, 11, 68, 89, 49, 76, 81, 94, 54, 13, 12, 26, 10, 93, 7, 40, 73, 16, 52, 72, 98, 55, 42, 51, 47, 2, 70, 33, 86, 71, 3, 78, 44, 22, 35, 67, 14, 25, 8, 23, 58, 45, 88, 6, 82, 65, 21, 36, 43, 100]
instance=  7	infer_time= 0.985s	distance= 10.7913	path=[0, 33, 2, 71, 62, 25, 73, 21, 54, 87, 56, 29, 34, 93, 58, 40, 23, 3, 11, 20, 14, 74, 51, 81, 53, 22, 86, 96, 60, 79, 44, 64, 66, 35, 5, 15, 57, 70, 94, 91, 8, 43, 31, 48, 36, 75, 77, 49, 19, 95, 37, 90, 50, 83, 7, 30, 27, 47, 38, 6, 68, 63, 26, 80, 28, 72, 82, 65, 42, 16, 41, 18, 85, 55, 39, 9, 92, 97, 1, 61, 78, 46, 32, 52, 98, 45, 24, 89, 67, 69, 12, 88, 59, 17, 13, 4, 76, 99, 10, 84, 100]
instance=  8	infer_time= 0.995s	distance= 11.1007	path=[0, 6, 92, 1, 11, 21, 23, 30, 35, 66, 40, 81, 78, 68, 83, 77, 75, 4, 67, 41, 70, 79, 29, 93, 94, 59, 26, 82, 5, 53, 34, 90, 12, 43, 37, 57, 56, 28, 63, 51, 19, 42, 88, 85, 14, 65, 72, 2, 84, 64, 8, 69, 16, 7, 73, 80, 74, 24, 89, 3, 86, 17, 45, 55, 97, 62, 58, 98, 13, 18, 10, 91, 46, 99, 22, 50, 96, 61, 20, 87, 38, 54, 95, 52, 32, 15, 76, 71, 9, 48, 33, 25, 27, 39, 31, 44, 49, 60, 36, 47, 100]
instance=  9	infer_time= 0.995s	distance=  9.2042	path=[0, 84, 66, 63, 60, 14, 54, 79, 99, 49, 45, 15, 68, 69, 90, 93, 70, 41, 7, 31, 4, 50, 73, 65, 74, 6, 51, 85, 13, 52, 21, 59, 98, 71, 11, 46, 77, 47, 2, 28, 48, 17, 56, 25, 29, 39, 62, 12, 26, 40, 88, 86, 27, 38, 64, 23, 92, 94, 81, 91, 3, 89, 19, 97, 36, 18, 55, 75, 30, 53, 80, 33, 10, 57, 44, 58, 5, 87, 20, 67, 76, 82, 35, 34, 24, 43, 37, 83, 32, 16, 96, 95, 8, 42, 1, 22, 72, 61, 78, 9, 100]
instance= 10	infer_time= 0.985s	distance= 10.0522	path=[0, 53, 39, 28, 37, 24, 27, 96, 29, 44, 33, 59, 8, 83, 65, 92, 61, 25, 19, 85, 18, 43, 23, 20, 12, 41, 81, 54, 67, 69, 30, 90, 87, 42, 48, 89, 94, 4, 47, 57, 26, 34, 14, 36, 40, 64, 31, 98, 72, 82, 70, 3, 7, 75, 49, 35, 2, 51, 21, 78, 32, 16, 80, 99, 84, 86, 10, 17, 74, 76, 68, 58, 60, 1, 62, 11, 13, 88, 71, 63, 73, 38, 22, 91, 66, 79, 9, 95, 77, 5, 46, 52, 45, 97, 50, 93, 55, 56, 6, 15, 100]
instance= 11	infer_time= 0.976s	distance= 11.0064	path=[0, 11, 45, 21, 81, 22, 63, 97, 54, 52, 76, 5, 19, 36, 79, 42, 70, 10, 51, 88, 37, 74, 95, 59, 39, 33, 66, 27, 98, 72, 86, 75, 68, 34, 84, 29, 32, 38, 15, 28, 55, 77, 99, 3, 50, 85, 94, 43, 57, 30, 60, 69, 92, 78, 64, 25, 1, 24, 26, 4, 7, 12, 47, 2, 46, 14, 44, 41, 13, 89, 53, 93, 6, 65, 96, 20, 35, 18, 91, 49, 83, 82, 23, 40, 73, 80, 8, 17, 62, 90, 58, 9, 87, 31, 56, 16, 48, 67, 61, 71, 100]
instance= 12	infer_time= 0.985s	distance= 12.2846	path=[0, 55, 18, 12, 20, 87, 13, 35, 10, 92, 72, 11, 25, 34, 27, 7, 69, 56, 4, 91, 60, 51, 53, 66, 46, 94, 82, 67, 33, 63, 52, 19, 97, 57, 8, 81, 5, 54, 47, 78, 61, 15, 80, 64, 24, 37, 75, 40, 62, 43, 42, 95, 6, 86, 39, 48, 9, 31, 22, 32, 83, 85, 79, 38, 65, 1, 41, 50, 89, 36, 70, 21, 74, 93, 76, 49, 45, 98, 44, 84, 96, 30, 29, 68, 23, 58, 17, 73, 28, 16, 2, 99, 71, 77, 90, 14, 3, 26, 59, 88, 100]
instance= 13	infer_time= 1.001s	distance= 10.7494	path=[0, 39, 78, 10, 4, 3, 58, 74, 86, 80, 95, 90, 20, 14, 27, 61, 37, 67, 34, 51, 76, 97, 8, 29, 79, 38, 32, 41, 77, 23, 99, 31, 89, 91, 21, 84, 83, 71, 11, 72, 48, 64, 92, 94, 52, 63, 47, 35, 1, 15, 65, 59, 7, 98, 36, 50, 33, 93, 45, 6, 70, 96, 13, 2, 62, 69, 30, 56, 75, 26, 19, 85, 17, 87, 16, 18, 81, 25, 49, 46, 12, 53, 5, 40, 88, 24, 66, 28, 57, 82, 55, 22, 43, 68, 9, 42, 60, 73, 44, 54, 100]
instance= 14	infer_time= 0.986s	distance= 11.4841	path=[0, 76, 86, 75, 63, 21, 39, 22, 92, 97, 16, 25, 4, 74, 20, 15, 84, 73, 45, 68, 28, 78, 67, 38, 62, 18, 1, 60, 11, 72, 36, 61, 6, 58, 59, 12, 93, 42, 70, 27, 95, 98, 79, 81, 96, 71, 14, 99, 44, 7, 94, 30, 29, 31, 66, 10, 37, 89, 90, 88, 9, 69, 82, 35, 24, 54, 77, 56, 48, 87, 13, 33, 53, 64, 2, 49, 65, 91, 19, 26, 85, 55, 50, 17, 3, 52, 32, 34, 46, 51, 47, 23, 40, 8, 57, 43, 83, 5, 41, 80, 100]
instance= 15	infer_time= 0.974s	distance= 10.9521	path=[0, 12, 40, 27, 58, 80, 91, 22, 26, 63, 30, 68, 99, 11, 74, 4, 3, 59, 20, 66, 89, 15, 1, 29, 90, 32, 71, 77, 93, 34, 82, 31, 94, 23, 72, 76, 38, 65, 10, 60, 67, 97, 64, 85, 2, 96, 92, 47, 44, 62, 37, 24, 19, 21, 48, 45, 50, 51, 57, 95, 83, 7, 41, 36, 9, 35, 17, 28, 84, 52, 25, 81, 18, 88, 98, 42, 54, 78, 87, 53, 8, 16, 43, 69, 33, 56, 86, 6, 61, 73, 39, 14, 70, 75, 49, 13, 46, 5, 55, 79, 100]
instance= 16	infer_time= 0.995s	distance= 11.5548	path=[0, 55, 44, 64, 46, 23, 49, 5, 18, 42, 6, 82, 41, 62, 80, 99, 77, 91, 90, 48, 31, 69, 1, 36, 66, 93, 45, 50, 67, 95, 52, 81, 30, 98, 26, 96, 29, 25, 92, 7, 51, 3, 17, 63, 9, 72, 73, 88, 58, 32, 60, 24, 43, 19, 34, 54, 57, 28, 56, 74, 71, 65, 59, 39, 75, 97, 37, 83, 70, 12, 15, 16, 22, 79, 33, 61, 40, 35, 20, 10, 8, 76, 68, 84, 27, 89, 47, 14, 4, 13, 11, 85, 94, 87, 53, 21, 86, 38, 78, 2, 100]
instance= 17	infer_time= 0.986s	distance= 10.7717	path=[0, 10, 92, 87, 86, 70, 28, 98, 53, 81, 49, 67, 52, 48, 18, 44, 5, 30, 57, 2, 20, 36, 15, 65, 60, 14, 80, 26, 76, 89, 33, 58, 75, 8, 78, 16, 63, 25, 55, 41, 46, 47, 19, 4, 69, 37, 50, 99, 9, 96, 91, 97, 68, 35, 73, 23, 51, 3, 94, 40, 7, 38, 56, 39, 77, 42, 59, 95, 21, 61, 71, 32, 45, 62, 29, 27, 83, 85, 64, 24, 93, 22, 84, 6, 17, 82, 12, 31, 74, 43, 1, 66, 79, 54, 90, 13, 88, 11, 72, 34, 100]
instance= 18	infer_time= 0.991s	distance= 10.1745	path=[0, 78, 48, 97, 76, 61, 68, 47, 99, 55, 49, 42, 16, 44, 36, 56, 91, 82, 38, 32, 33, 34, 51, 20, 53, 62, 41, 72, 63, 22, 9, 26, 54, 3, 18, 81, 86, 77, 71, 15, 58, 69, 50, 4, 13, 65, 80, 43, 2, 7, 95, 19, 85, 96, 66, 83, 12, 57, 67, 60, 92, 94, 27, 1, 93, 70, 8, 25, 98, 28, 75, 79, 89, 37, 88, 11, 64, 39, 29, 5, 59, 84, 21, 46, 35, 17, 40, 31, 30, 74, 6, 52, 24, 90, 73, 45, 23, 87, 10, 14, 100]
instance= 19	infer_time= 0.994s	distance=  9.5566	path=[0, 39, 9, 62, 88, 18, 10, 78, 60, 44, 28, 77, 24, 94, 30, 1, 50, 85, 38, 68, 33, 56, 73, 54, 35, 83, 5, 36, 12, 95, 42, 40, 71, 8, 3, 37, 76, 11, 27, 21, 6, 64, 55, 46, 63, 25, 48, 57, 70, 51, 29, 65, 74, 61, 99, 4, 45, 69, 59, 2, 67, 93, 23, 31, 41, 81, 91, 72, 98, 53, 89, 15, 87, 96, 26, 92, 84, 86, 79, 90, 58, 80, 82, 19, 17, 32, 13, 97, 75, 20, 14, 66, 47, 43, 34, 52, 16, 7, 22, 49, 100]
instance= 20	infer_time= 0.978s	distance= 11.2421	path=[0, 41, 74, 68, 3, 30, 98, 61, 10, 55, 4, 49, 14, 11, 84, 24, 43, 58, 16, 40, 99, 63, 75, 47, 65, 87, 17, 21, 83, 29, 36, 32, 93, 97, 26, 69, 2, 5, 28, 8, 90, 86, 94, 57, 50, 46, 54, 1, 18, 78, 89, 9, 92, 67, 13, 19, 81, 71, 6, 38, 95, 88, 64, 35, 77, 72, 53, 25, 44, 85, 45, 73, 80, 91, 66, 42, 27, 15, 48, 23, 59, 70, 62, 79, 52, 60, 7, 33, 39, 31, 37, 76, 12, 96, 34, 20, 82, 22, 51, 56, 100]
instance= 21	infer_time= 0.976s	distance= 11.0865	path=[0, 64, 16, 44, 81, 67, 4, 20, 60, 85, 49, 82, 48, 61, 36, 18, 73, 72, 66, 59, 25, 34, 88, 63, 71, 1, 14, 39, 26, 79, 37, 68, 32, 90, 80, 87, 11, 54, 41, 50, 19, 7, 89, 9, 29, 38, 51, 43, 33, 96, 30, 65, 56, 75, 94, 13, 74, 24, 86, 69, 3, 23, 8, 27, 46, 52, 92, 57, 21, 78, 5, 95, 58, 40, 99, 84, 91, 76, 47, 12, 17, 6, 22, 53, 62, 70, 55, 42, 31, 2, 28, 98, 10, 83, 35, 77, 45, 97, 15, 93, 100]
instance= 22	infer_time= 0.979s	distance= 10.4567	path=[0, 35, 91, 16, 90, 39, 43, 52, 53, 4, 57, 97, 21, 25, 41, 34, 96, 36, 32, 85, 61, 62, 86, 75, 24, 84, 54, 80, 74, 6, 92, 59, 12, 49, 65, 22, 7, 83, 20, 56, 5, 76, 23, 42, 88, 3, 60, 30, 44, 37, 67, 18, 87, 19, 48, 79, 51, 71, 47, 68, 11, 27, 46, 33, 31, 45, 29, 1, 13, 93, 73, 38, 8, 81, 72, 70, 64, 26, 50, 28, 66, 69, 99, 2, 89, 14, 95, 58, 9, 98, 15, 40, 10, 82, 17, 63, 94, 77, 78, 55, 100]
instance= 23	infer_time= 0.972s	distance=  9.9765	path=[0, 19, 54, 99, 24, 41, 1, 67, 52, 27, 79, 13, 6, 73, 58, 71, 94, 70, 85, 32, 31, 75, 49, 12, 65, 10, 37, 60, 64, 5, 82, 23, 9, 56, 97, 74, 15, 50, 11, 36, 63, 28, 93, 20, 84, 59, 68, 61, 16, 51, 89, 2, 90, 35, 77, 3, 92, 87, 22, 62, 96, 76, 8, 14, 88, 29, 34, 42, 26, 46, 66, 39, 40, 45, 25, 83, 98, 86, 30, 53, 43, 57, 69, 81, 38, 7, 18, 4, 47, 21, 48, 17, 55, 80, 44, 72, 91, 33, 78, 95, 100]
instance= 24	infer_time= 0.976s	distance= 12.2779	path=[0, 13, 3, 83, 19, 9, 76, 16, 17, 43, 41, 89, 7, 31, 33, 65, 53, 69, 52, 45, 82, 48, 2, 10, 99, 27, 85, 15, 29, 20, 35, 50, 30, 11, 94, 96, 55, 23, 26, 87, 32, 59, 25, 80, 36, 14, 64, 67, 66, 37, 63, 60, 81, 73, 21, 77, 51, 34, 75, 84, 90, 18, 88, 47, 40, 70, 78, 49, 86, 68, 4, 79, 54, 39, 62, 98, 44, 8, 58, 92, 57, 46, 91, 71, 72, 1, 93, 28, 74, 97, 5, 24, 42, 12, 95, 38, 61, 22, 6, 56, 100]
instance= 25	infer_time= 0.974s	distance= 10.6793	path=[0, 34, 76, 67, 92, 3, 48, 64, 30, 37, 11, 54, 26, 70, 12, 66, 82, 25, 41, 56, 94, 24, 51, 89, 91, 99, 29, 39, 61, 32, 74, 43, 68, 49, 77, 10, 93, 47, 53, 60, 28, 1, 62, 84, 6, 40, 2, 22, 87, 27, 55, 38, 85, 13, 42, 17, 95, 73, 50, 97, 5, 33, 59, 78, 83, 7, 98, 35, 44, 58, 72, 90, 79, 9, 23, 81, 8, 45, 46, 65, 16, 71, 14, 96, 86, 69, 57, 21, 4, 20, 31, 15, 63, 18, 36, 88, 80, 19, 75, 52, 100]
instance= 26	infer_time= 0.974s	distance= 12.2031	path=[0, 43, 1, 99, 19, 97, 73, 96, 27, 30, 39, 15, 59, 55, 79, 86, 10, 87, 37, 41, 7, 26, 48, 94, 46, 21, 40, 32, 2, 51, 62, 12, 53, 71, 9, 36, 44, 23, 5, 63, 38, 91, 25, 84, 70, 82, 16, 65, 76, 8, 42, 17, 58, 35, 57, 67, 31, 14, 6, 74, 50, 64, 83, 98, 85, 3, 52, 75, 61, 95, 56, 29, 54, 24, 93, 47, 77, 81, 90, 92, 11, 33, 72, 18, 68, 89, 66, 78, 13, 20, 80, 4, 88, 22, 60, 69, 34, 28, 49, 45, 100]
instance= 27	infer_time= 0.974s	distance=  8.6537	path=[0, 63, 85, 9, 59, 14, 76, 44, 16, 67, 4, 20, 45, 65, 1, 26, 89, 49, 35, 34, 19, 29, 83, 5, 72, 25, 80, 87, 91, 27, 32, 13, 50, 21, 79, 43, 57, 51, 78, 98, 6, 38, 11, 31, 69, 82, 33, 15, 81, 92, 3, 28, 75, 18, 37, 48, 47, 40, 36, 84, 74, 12, 17, 7, 93, 23, 55, 88, 71, 70, 42, 30, 94, 8, 95, 41, 54, 68, 46, 73, 22, 90, 52, 99, 62, 39, 24, 60, 97, 58, 64, 66, 56, 96, 61, 10, 2, 53, 77, 86, 100]
instance= 28	infer_time= 0.984s	distance= 12.0173	path=[0, 87, 16, 26, 85, 49, 10, 40, 68, 52, 19, 78, 82, 75, 56, 61, 60, 71, 32, 23, 31, 98, 43, 1, 30, 5, 33, 13, 90, 24, 44, 36, 37, 38, 96, 69, 59, 2, 95, 92, 79, 47, 53, 54, 20, 15, 39, 46, 35, 48, 65, 41, 89, 11, 97, 29, 70, 84, 88, 25, 64, 14, 67, 91, 22, 3, 74, 51, 17, 86, 99, 6, 7, 73, 9, 42, 34, 45, 18, 63, 27, 28, 21, 93, 58, 55, 8, 83, 50, 62, 66, 72, 57, 12, 4, 76, 77, 80, 94, 81, 100]
instance= 29	infer_time= 0.986s	distance= 10.5691	path=[0, 82, 12, 35, 5, 68, 87, 56, 54, 2, 63, 23, 77, 66, 17, 39, 21, 31, 19, 89, 44, 8, 27, 34, 67, 69, 48, 24, 64, 16, 99, 10, 1, 49, 79, 91, 81, 25, 76, 65, 14, 59, 58, 96, 86, 57, 78, 94, 95, 46, 42, 53, 9, 88, 30, 13, 83, 74, 33, 3, 55, 97, 40, 60, 15, 32, 38, 20, 37, 45, 7, 43, 85, 36, 22, 18, 4, 52, 47, 70, 92, 51, 50, 71, 62, 84, 93, 11, 61, 28, 98, 90, 26, 6, 73, 72, 75, 29, 80, 41, 100]
instance= 30	infer_time= 0.974s	distance= 12.0230	path=[0, 49, 99, 26, 61, 50, 46, 18, 70, 4, 11, 54, 72, 88, 47, 33, 3, 91, 94, 12, 27, 56, 58, 41, 63, 97, 39, 57, 66, 17, 75, 90, 38, 8, 78, 14, 24, 22, 80, 95, 10, 2, 45, 82, 25, 7, 86, 29, 34, 48, 52, 19, 35, 77, 16, 21, 76, 5, 71, 13, 9, 79, 43, 23, 74, 40, 44, 83, 96, 64, 55, 53, 87, 30, 68, 85, 1, 92, 37, 69, 42, 89, 65, 84, 31, 93, 98, 60, 67, 51, 28, 36, 73, 6, 32, 59, 15, 62, 20, 81, 100]
instance= 31	infer_time= 0.976s	distance= 12.2942	path=[0, 17, 44, 68, 86, 98, 5, 10, 30, 19, 33, 48, 84, 9, 43, 45, 29, 31, 83, 36, 58, 66, 6, 38, 7, 46, 78, 28, 4, 61, 88, 60, 94, 11, 95, 37, 75, 15, 65, 64, 25, 13, 69, 82, 79, 42, 80, 50, 16, 71, 32, 8, 27, 34, 85, 72, 57, 62, 53, 35, 39, 49, 70, 18, 21, 24, 90, 87, 23, 89, 56, 74, 22, 59, 81, 92, 40, 93, 63, 47, 96, 51, 41, 91, 67, 76, 1, 20, 54, 77, 2, 55, 14, 12, 73, 26, 52, 97, 3, 99, 100]
instance= 32	infer_time= 0.988s	distance= 11.5322	path=[0, 25, 9, 79, 1, 53, 22, 15, 18, 17, 43, 74, 57, 60, 48, 88, 28, 11, 21, 45, 52, 38, 31, 80, 58, 89, 85, 3, 72, 26, 16, 20, 49, 65, 81, 51, 41, 46, 75, 84, 33, 7, 35, 77, 55, 83, 10, 19, 14, 6, 32, 91, 8, 66, 34, 78, 13, 5, 93, 30, 99, 76, 29, 56, 42, 95, 97, 70, 69, 47, 2, 87, 39, 94, 68, 64, 67, 37, 63, 59, 71, 82, 44, 90, 73, 40, 98, 96, 12, 54, 62, 92, 36, 23, 86, 27, 61, 24, 50, 4, 100]
instance= 33	infer_time= 1.024s	distance=  8.6373	path=[0, 93, 7, 60, 5, 45, 11, 69, 18, 78, 51, 70, 48, 64, 19, 80, 15, 81, 41, 53, 26, 46, 39, 28, 14, 52, 87, 3, 27, 44, 1, 67, 91, 9, 13, 23, 85, 54, 22, 35, 8, 76, 62, 30, 17, 37, 58, 71, 82, 25, 56, 32, 94, 4, 84, 36, 89, 68, 90, 86, 65, 31, 92, 43, 57, 59, 83, 95, 24, 98, 77, 72, 2, 97, 12, 75, 66, 61, 88, 42, 20, 29, 79, 10, 6, 47, 16, 49, 63, 38, 50, 99, 33, 34, 21, 73, 96, 40, 74, 55, 100]
instance= 34	infer_time= 0.991s	distance= 10.7774	path=[0, 48, 46, 43, 97, 72, 28, 39, 24, 13, 19, 57, 99, 89, 71, 42, 67, 32, 93, 96, 17, 61, 62, 91, 53, 3, 35, 2, 74, 44, 23, 60, 94, 54, 45, 84, 36, 83, 7, 30, 15, 5, 73, 90, 59, 22, 70, 12, 6, 55, 4, 63, 92, 52, 51, 29, 56, 25, 65, 82, 18, 81, 33, 58, 88, 16, 68, 26, 34, 77, 20, 8, 11, 40, 14, 87, 47, 37, 49, 86, 27, 80, 98, 41, 79, 69, 78, 31, 66, 76, 85, 10, 95, 1, 75, 38, 50, 21, 9, 64, 100]
instance= 35	infer_time= 0.990s	distance= 10.3838	path=[0, 7, 60, 91, 77, 16, 17, 56, 66, 6, 90, 22, 34, 80, 12, 33, 39, 75, 13, 63, 51, 26, 93, 95, 53, 62, 78, 21, 74, 69, 71, 9, 48, 11, 8, 50, 86, 30, 10, 35, 29, 4, 59, 45, 43, 19, 70, 1, 24, 58, 72, 79, 40, 27, 57, 92, 41, 20, 14, 81, 83, 52, 96, 88, 31, 44, 23, 98, 84, 3, 87, 94, 76, 37, 97, 18, 65, 28, 54, 38, 36, 99, 15, 49, 2, 89, 5, 73, 55, 42, 67, 64, 82, 46, 32, 85, 47, 25, 68, 61, 100]
instance= 36	infer_time= 0.989s	distance= 12.2506	path=[0, 72, 51, 16, 17, 69, 94, 40, 92, 12, 20, 24, 71, 66, 43, 36, 68, 70, 33, 77, 60, 81, 19, 88, 58, 57, 73, 8, 2, 42, 30, 11, 54, 99, 34, 83, 67, 80, 86, 31, 22, 64, 23, 56, 4, 84, 50, 44, 37, 61, 26, 55, 76, 13, 35, 85, 25, 95, 63, 38, 98, 7, 9, 75, 21, 41, 27, 74, 65, 82, 52, 62, 6, 48, 47, 3, 46, 45, 1, 10, 93, 91, 53, 15, 96, 87, 28, 49, 79, 39, 5, 97, 14, 89, 18, 90, 32, 59, 78, 29, 100]
instance= 37	infer_time= 0.977s	distance=  9.6898	path=[0, 11, 19, 76, 83, 16, 13, 21, 63, 99, 24, 68, 42, 59, 1, 20, 71, 78, 44, 55, 81, 88, 27, 93, 52, 77, 90, 56, 85, 70, 69, 14, 92, 33, 26, 31, 28, 2, 48, 75, 18, 66, 86, 49, 29, 6, 3, 35, 62, 94, 37, 50, 10, 84, 74, 17, 38, 60, 23, 45, 64, 79, 67, 22, 39, 12, 34, 9, 82, 65, 51, 91, 47, 72, 4, 89, 7, 73, 40, 58, 97, 8, 25, 32, 98, 95, 57, 36, 30, 46, 96, 61, 87, 54, 5, 15, 53, 80, 41, 43, 100]
instance= 38	infer_time= 0.978s	distance= 10.2502	path=[0, 67, 92, 31, 91, 72, 29, 59, 44, 61, 36, 53, 35, 88, 26, 13, 11, 2, 90, 49, 45, 51, 55, 82, 70, 47, 52, 56, 27, 75, 18, 98, 73, 34, 78, 28, 20, 63, 7, 15, 12, 10, 46, 38, 30, 80, 66, 96, 95, 97, 23, 68, 41, 76, 1, 57, 42, 83, 22, 39, 4, 16, 74, 21, 60, 43, 58, 37, 99, 62, 93, 85, 94, 3, 69, 86, 89, 84, 5, 19, 77, 81, 9, 65, 24, 54, 71, 87, 6, 64, 50, 79, 32, 33, 25, 8, 17, 40, 14, 48, 100]
instance= 39	infer_time= 0.992s	distance= 11.5402	path=[0, 90, 89, 16, 85, 82, 21, 23, 12, 96, 81, 97, 38, 55, 77, 26, 64, 13, 20, 6, 42, 46, 32, 17, 65, 73, 1, 87, 94, 76, 86, 15, 56, 53, 99, 4, 44, 54, 72, 48, 50, 8, 52, 2, 84, 33, 36, 10, 5, 67, 7, 19, 61, 98, 11, 29, 35, 93, 59, 95, 71, 28, 79, 37, 9, 60, 18, 91, 34, 49, 30, 47, 69, 40, 88, 3, 68, 83, 41, 63, 92, 51, 62, 57, 70, 58, 24, 43, 45, 66, 78, 80, 27, 74, 14, 39, 25, 22, 31, 75, 100]
instance= 40	infer_time= 0.976s	distance=  9.2146	path=[0, 5, 76, 45, 56, 9, 14, 55, 27, 87, 10, 66, 32, 73, 90, 65, 8, 54, 97, 31, 17, 42, 16, 49, 72, 96, 41, 83, 71, 80, 6, 74, 12, 30, 93, 15, 81, 63, 82, 61, 25, 79, 4, 92, 28, 86, 89, 51, 38, 35, 64, 69, 11, 22, 47, 46, 1, 23, 24, 94, 68, 39, 7, 33, 52, 62, 20, 48, 13, 34, 44, 57, 77, 78, 43, 21, 67, 40, 19, 59, 26, 95, 58, 3, 36, 70, 85, 75, 37, 50, 60, 99, 98, 2, 29, 84, 53, 91, 18, 88, 100]
instance= 41	infer_time= 0.986s	distance= 10.6326	path=[0, 87, 92, 43, 97, 54, 24, 25, 4, 30, 55, 62, 2, 15, 18, 56, 98, 99, 67, 65, 79, 38, 29, 72, 13, 63, 76, 91, 59, 3, 95, 8, 94, 17, 81, 40, 5, 61, 1, 26, 10, 89, 23, 37, 73, 27, 88, 28, 48, 58, 14, 66, 33, 20, 90, 71, 39, 77, 22, 41, 82, 68, 34, 74, 50, 19, 69, 35, 83, 84, 64, 44, 80, 7, 53, 60, 6, 57, 16, 21, 51, 86, 31, 46, 52, 36, 49, 11, 9, 75, 93, 85, 32, 78, 47, 96, 42, 12, 45, 70, 100]
instance= 42	infer_time= 0.971s	distance=  9.5486	path=[0, 5, 44, 62, 21, 39, 81, 32, 99, 19, 57, 49, 74, 86, 91, 45, 48, 95, 78, 34, 47, 89, 68, 25, 41, 9, 80, 6, 24, 67, 77, 23, 52, 37, 66, 13, 94, 51, 38, 1, 26, 69, 88, 12, 97, 98, 33, 65, 28, 72, 96, 53, 2, 54, 35, 16, 4, 59, 22, 93, 40, 63, 70, 11, 17, 50, 29, 90, 92, 58, 85, 73, 76, 43, 55, 46, 10, 3, 36, 84, 79, 14, 18, 42, 60, 27, 61, 82, 7, 75, 30, 64, 20, 15, 71, 56, 31, 87, 83, 8, 100]
instance= 43	infer_time= 0.964s	distance= 12.3017	path=[0, 63, 23, 70, 65, 28, 61, 79, 22, 11, 73, 99, 19, 81, 31, 8, 68, 4, 2, 80, 87, 96, 76, 43, 13, 86, 41, 33, 38, 67, 17, 62, 71, 92, 14, 27, 6, 44, 66, 47, 30, 59, 46, 90, 85, 97, 57, 55, 88, 52, 77, 82, 26, 48, 34, 5, 29, 3, 83, 58, 56, 50, 60, 7, 93, 21, 72, 91, 94, 25, 74, 35, 45, 84, 1, 95, 15, 37, 53, 9, 98, 20, 54, 51, 39, 69, 18, 24, 78, 75, 89, 10, 40, 49, 12, 64, 42, 32, 36, 16, 100]
instance= 44	infer_time= 0.968s	distance= 11.2763	path=[0, 51, 17, 14, 86, 38, 97, 95, 85, 20, 93, 89, 81, 72, 55, 22, 37, 61, 92, 47, 41, 23, 5, 21, 73, 62, 29, 2, 46, 58, 64, 35, 53, 36, 44, 59, 40, 11, 27, 9, 75, 77, 24, 19, 26, 32, 12, 99, 25, 79, 65, 56, 34, 42, 18, 60, 49, 78, 4, 31, 10, 69, 94, 67, 66, 45, 84, 71, 96, 7, 54, 15, 76, 50, 16, 57, 87, 63, 82, 88, 48, 30, 43, 90, 74, 52, 68, 3, 80, 83, 39, 33, 91, 6, 70, 28, 13, 8, 1, 98, 100]
instance= 45	infer_time= 0.969s	distance= 10.2737	path=[0, 73, 53, 71, 26, 91, 99, 62, 72, 90, 23, 40, 74, 6, 39, 37, 87, 66, 38, 34, 17, 43, 54, 84, 75, 85, 25, 68, 61, 89, 5, 65, 42, 93, 58, 13, 60, 27, 82, 9, 96, 83, 14, 10, 28, 32, 19, 33, 51, 45, 3, 46, 21, 2, 29, 92, 41, 81, 15, 11, 76, 98, 12, 59, 80, 35, 8, 78, 24, 77, 47, 67, 88, 70, 56, 44, 22, 55, 86, 69, 57, 49, 64, 94, 20, 30, 1, 48, 50, 16, 95, 52, 31, 79, 7, 36, 63, 4, 97, 18, 100]
instance= 46	infer_time= 0.973s	distance=  8.8347	path=[0, 98, 5, 44, 88, 57, 78, 34, 50, 14, 70, 28, 91, 92, 97, 99, 40, 7, 30, 26, 35, 67, 47, 83, 56, 75, 38, 41, 58, 1, 49, 52, 4, 54, 93, 11, 69, 89, 79, 82, 72, 32, 53, 59, 43, 64, 68, 85, 3, 51, 81, 23, 31, 77, 8, 63, 42, 13, 12, 20, 74, 16, 19, 33, 86, 62, 55, 9, 21, 29, 71, 66, 46, 94, 10, 48, 18, 6, 2, 90, 39, 60, 96, 73, 27, 76, 37, 45, 61, 95, 87, 36, 15, 84, 22, 80, 24, 65, 25, 17, 100]
instance= 47	infer_time= 0.967s	distance= 11.4404	path=[0, 97, 91, 9, 44, 36, 89, 13, 32, 30, 99, 25, 7, 58, 65, 63, 53, 52, 42, 38, 86, 31, 80, 12, 95, 68, 87, 75, 27, 10, 69, 93, 79, 2, 70, 20, 1, 59, 33, 17, 61, 62, 41, 22, 67, 74, 54, 77, 64, 88, 82, 3, 96, 19, 28, 40, 43, 78, 90, 83, 23, 50, 71, 92, 84, 24, 34, 94, 4, 39, 18, 5, 8, 56, 66, 11, 55, 37, 15, 16, 6, 21, 14, 49, 85, 35, 57, 73, 51, 48, 26, 46, 72, 81, 45, 29, 60, 76, 98, 47, 100]
instance= 48	infer_time= 0.969s	distance= 11.8796	path=[0, 76, 61, 88, 58, 71, 2, 11, 77, 56, 81, 23, 72, 30, 50, 37, 98, 9, 22, 10, 79, 43, 26, 32, 25, 17, 52, 68, 15, 18, 16, 67, 40, 46, 99, 34, 35, 44, 39, 6, 27, 97, 70, 55, 64, 12, 31, 59, 85, 20, 82, 24, 62, 84, 41, 45, 54, 38, 69, 4, 53, 28, 92, 80, 8, 83, 13, 7, 3, 1, 42, 57, 29, 86, 78, 19, 65, 87, 95, 36, 49, 93, 47, 63, 96, 91, 21, 48, 74, 90, 51, 94, 14, 66, 60, 33, 73, 89, 5, 75, 100]
instance= 49	infer_time= 0.981s	distance= 12.1097	path=[0, 11, 66, 59, 92, 73, 90, 21, 49, 86, 62, 65, 15, 88, 35, 61, 96, 4, 25, 9, 19, 68, 77, 74, 43, 71, 8, 80, 14, 42, 38, 27, 94, 12, 54, 24, 39, 13, 50, 23, 56, 34, 83, 55, 87, 40, 99, 6, 84, 78, 58, 36, 30, 1, 33, 51, 81, 26, 5, 16, 98, 31, 17, 75, 22, 20, 18, 53, 76, 79, 2, 85, 29, 91, 46, 10, 28, 97, 67, 89, 60, 70, 82, 47, 44, 72, 57, 63, 3, 7, 32, 69, 64, 52, 37, 48, 41, 45, 93, 95, 100]
instance= 50	infer_time= 0.967s	distance= 12.0644	path=[0, 40, 98, 63, 64, 92, 71, 42, 52, 74, 72, 36, 73, 19, 58, 20, 30, 31, 1, 5, 70, 97, 7, 33, 66, 84, 2, 99, 34, 54, 69, 6, 96, 11, 53, 67, 24, 17, 15, 8, 60, 86, 50, 9, 93, 46, 49, 77, 27, 85, 47, 59, 79, 21, 55, 56, 75, 83, 39, 76, 57, 62, 12, 94, 61, 14, 48, 41, 38, 13, 10, 29, 23, 65, 44, 82, 22, 91, 90, 37, 95, 35, 51, 25, 78, 80, 81, 88, 32, 89, 87, 3, 43, 68, 16, 4, 45, 18, 26, 28, 100]
instance= 51	infer_time= 0.966s	distance=  9.9077	path=[0, 70, 9, 29, 99, 69, 64, 68, 59, 79, 54, 77, 63, 98, 94, 16, 91, 50, 51, 46, 13, 96, 82, 47, 83, 45, 1, 31, 85, 34, 18, 55, 10, 12, 48, 84, 41, 2, 62, 17, 90, 73, 49, 87, 30, 61, 3, 66, 95, 88, 58, 97, 43, 33, 81, 89, 36, 14, 67, 26, 93, 39, 28, 6, 72, 21, 25, 40, 22, 11, 71, 53, 19, 7, 44, 32, 86, 8, 76, 27, 56, 74, 75, 23, 5, 57, 42, 60, 65, 24, 78, 37, 20, 38, 35, 92, 52, 4, 80, 15, 100]
instance= 52	infer_time= 0.963s	distance= 11.2513	path=[0, 37, 21, 83, 80, 46, 9, 30, 36, 96, 44, 72, 33, 99, 81, 7, 2, 28, 1, 86, 63, 39, 59, 93, 98, 6, 78, 3, 35, 45, 47, 95, 70, 24, 66, 51, 69, 10, 17, 8, 94, 15, 16, 14, 74, 13, 48, 53, 31, 20, 62, 49, 34, 18, 71, 42, 26, 55, 27, 82, 67, 50, 57, 4, 89, 73, 97, 84, 92, 60, 56, 23, 19, 40, 79, 90, 61, 85, 54, 91, 43, 77, 22, 75, 87, 25, 5, 32, 12, 88, 41, 52, 64, 68, 58, 38, 65, 29, 76, 11, 100]
instance= 53	infer_time= 0.969s	distance=  9.9506	path=[0, 36, 2, 90, 11, 83, 20, 61, 67, 85, 37, 73, 23, 70, 57, 31, 53, 87, 54, 91, 68, 62, 74, 51, 29, 95, 9, 12, 55, 8, 52, 64, 49, 58, 3, 5, 99, 76, 22, 86, 21, 71, 96, 32, 10, 77, 92, 60, 16, 59, 75, 80, 50, 6, 18, 98, 69, 39, 17, 82, 79, 1, 33, 38, 25, 72, 48, 88, 63, 45, 89, 13, 7, 14, 81, 4, 34, 26, 15, 47, 19, 28, 56, 44, 66, 42, 40, 43, 27, 78, 24, 84, 46, 41, 97, 93, 30, 94, 65, 35, 100]
instance= 54	infer_time= 0.967s	distance= 11.9456	path=[0, 16, 6, 32, 7, 83, 63, 31, 43, 4, 75, 96, 91, 42, 36, 77, 52, 11, 12, 20, 61, 55, 50, 18, 71, 95, 2, 94, 19, 26, 35, 92, 82, 33, 40, 74, 64, 3, 1, 25, 22, 67, 88, 17, 80, 44, 14, 53, 58, 21, 38, 98, 51, 37, 24, 48, 97, 45, 65, 81, 85, 73, 30, 60, 86, 41, 76, 84, 13, 9, 8, 90, 66, 15, 34, 47, 87, 69, 78, 93, 70, 29, 54, 56, 46, 79, 5, 23, 49, 57, 10, 59, 39, 89, 28, 62, 72, 99, 68, 27, 100]
instance= 55	infer_time= 0.973s	distance= 10.1530	path=[0, 2, 44, 76, 81, 3, 37, 96, 69, 63, 49, 10, 82, 91, 55, 68, 88, 97, 62, 89, 60, 72, 35, 87, 83, 48, 30, 20, 77, 4, 39, 78, 75, 45, 33, 53, 70, 47, 26, 52, 79, 36, 34, 8, 11, 21, 64, 66, 56, 84, 93, 85, 46, 73, 41, 51, 43, 38, 65, 42, 16, 92, 95, 90, 99, 17, 27, 19, 24, 54, 80, 86, 59, 13, 74, 40, 14, 9, 61, 29, 31, 12, 23, 58, 57, 15, 50, 5, 22, 18, 32, 71, 67, 94, 7, 28, 25, 6, 1, 98, 100]
instance= 56	infer_time= 0.963s	distance= 12.6805	path=[0, 35, 57, 56, 20, 12, 26, 71, 10, 27, 7, 73, 75, 63, 67, 28, 48, 82, 70, 49, 88, 85, 1, 39, 14, 65, 38, 96, 42, 90, 52, 94, 43, 40, 30, 31, 4, 62, 18, 53, 22, 50, 16, 8, 99, 44, 84, 77, 24, 5, 45, 93, 58, 36, 78, 81, 66, 21, 86, 95, 97, 23, 80, 79, 2, 3, 47, 41, 6, 98, 17, 60, 64, 37, 55, 91, 54, 92, 33, 87, 51, 25, 59, 76, 13, 34, 61, 72, 89, 32, 74, 19, 68, 29, 11, 15, 46, 69, 83, 9, 100]
instance= 57	infer_time= 0.966s	distance= 10.5319	path=[0, 41, 86, 51, 36, 55, 4, 25, 60, 23, 96, 42, 91, 37, 48, 11, 32, 39, 99, 53, 20, 8, 59, 35, 63, 45, 47, 64, 70, 92, 27, 90, 30, 77, 69, 18, 3, 80, 84, 98, 56, 54, 76, 57, 31, 40, 58, 6, 81, 38, 89, 1, 94, 67, 26, 83, 43, 21, 46, 73, 93, 65, 22, 78, 72, 97, 74, 68, 88, 24, 9, 7, 50, 61, 34, 62, 52, 12, 17, 87, 5, 33, 19, 82, 14, 29, 79, 75, 15, 44, 85, 28, 10, 2, 16, 13, 49, 71, 95, 66, 100]
instance= 58	infer_time= 0.981s	distance= 11.8435	path=[0, 38, 89, 63, 26, 52, 6, 5, 14, 28, 70, 39, 21, 25, 60, 36, 65, 31, 97, 45, 24, 12, 68, 9, 84, 53, 17, 67, 69, 19, 55, 20, 83, 80, 98, 71, 51, 11, 77, 91, 49, 33, 58, 27, 41, 90, 37, 62, 1, 7, 42, 93, 3, 56, 76, 86, 46, 10, 79, 44, 48, 32, 78, 92, 57, 73, 43, 18, 87, 50, 8, 94, 75, 47, 30, 66, 74, 99, 13, 29, 16, 22, 96, 35, 34, 15, 54, 64, 40, 72, 95, 23, 88, 81, 2, 82, 61, 85, 4, 59, 100]
instance= 59	infer_time= 1.062s	distance= 11.9780	path=[0, 92, 99, 85, 34, 70, 7, 5, 30, 41, 66, 29, 39, 95, 76, 56, 77, 71, 35, 81, 46, 48, 65, 80, 64, 18, 24, 51, 9, 84, 91, 61, 42, 43, 93, 96, 26, 68, 60, 6, 94, 44, 2, 63, 15, 13, 52, 53, 88, 17, 79, 98, 40, 31, 4, 49, 86, 50, 23, 36, 83, 27, 67, 74, 11, 16, 54, 28, 72, 25, 89, 22, 82, 55, 59, 97, 45, 57, 20, 37, 3, 69, 90, 73, 87, 75, 10, 32, 1, 12, 58, 62, 8, 78, 21, 14, 19, 47, 33, 38, 100]
instance= 60	infer_time= 0.969s	distance= 10.3063	path=[0, 6, 45, 73, 92, 72, 17, 30, 38, 68, 28, 71, 85, 91, 5, 8, 47, 2, 32, 48, 63, 52, 16, 13, 61, 69, 49, 58, 54, 1, 40, 12, 94, 67, 33, 74, 62, 60, 51, 29, 15, 75, 56, 84, 78, 20, 70, 93, 23, 41, 81, 83, 98, 86, 36, 43, 19, 39, 55, 66, 65, 90, 27, 80, 96, 82, 26, 42, 35, 77, 57, 79, 44, 46, 25, 3, 9, 95, 89, 31, 34, 50, 4, 97, 10, 76, 22, 59, 11, 53, 37, 7, 99, 87, 64, 88, 21, 18, 24, 14, 100]
instance= 61	infer_time= 0.970s	distance= 10.6034	path=[0, 27, 65, 57, 55, 75, 76, 25, 7, 60, 2, 88, 63, 14, 34, 99, 32, 20, 82, 59, 16, 54, 9, 1, 97, 21, 90, 28, 83, 42, 47, 68, 79, 52, 92, 96, 5, 18, 30, 17, 22, 62, 95, 39, 44, 3, 4, 41, 29, 72, 91, 61, 24, 87, 43, 64, 94, 81, 10, 46, 77, 69, 74, 49, 33, 12, 56, 45, 70, 6, 53, 71, 86, 11, 66, 35, 38, 15, 13, 40, 58, 8, 51, 19, 36, 73, 80, 31, 23, 37, 26, 67, 93, 78, 89, 85, 98, 48, 50, 84, 100]
instance= 62	infer_time= 0.968s	distance= 11.3583	path=[0, 30, 60, 70, 3, 56, 23, 57, 18, 83, 41, 9, 12, 50, 64, 29, 1, 73, 21, 82, 90, 40, 2, 86, 78, 66, 99, 87, 63, 4, 24, 43, 53, 54, 27, 20, 58, 14, 5, 26, 95, 93, 48, 47, 89, 80, 31, 10, 45, 37, 39, 96, 74, 38, 6, 35, 81, 84, 88, 85, 67, 91, 97, 25, 59, 49, 94, 34, 77, 36, 46, 7, 62, 71, 79, 55, 75, 69, 44, 11, 13, 65, 8, 17, 16, 51, 72, 28, 42, 19, 32, 22, 68, 92, 61, 52, 33, 98, 76, 15, 100]
instance= 63	infer_time= 0.970s	distance= 10.2584	path=[0, 26, 81, 25, 20, 87, 68, 82, 28, 98, 91, 24, 47, 75, 41, 89, 58, 86, 78, 74, 36, 92, 61, 43, 14, 88, 9, 44, 48, 17, 49, 10, 54, 73, 51, 52, 99, 16, 45, 56, 12, 8, 62, 83, 29, 95, 27, 53, 67, 77, 72, 55, 15, 2, 11, 71, 50, 65, 38, 79, 60, 64, 3, 59, 6, 31, 1, 93, 7, 23, 84, 57, 33, 4, 22, 21, 42, 63, 94, 46, 30, 18, 85, 34, 69, 37, 35, 76, 39, 70, 40, 19, 13, 32, 96, 66, 97, 90, 80, 5, 100]
instance= 64	infer_time= 0.959s	distance= 12.4250	path=[0, 99, 35, 12, 6, 11, 26, 90, 80, 96, 19, 58, 60, 51, 97, 46, 71, 44, 85, 88, 20, 47, 13, 94, 3, 72, 59, 89, 98, 42, 18, 1, 52, 16, 75, 38, 77, 54, 82, 32, 29, 67, 33, 48, 86, 34, 30, 76, 55, 64, 61, 28, 95, 2, 17, 78, 25, 57, 79, 41, 68, 14, 4, 84, 37, 45, 49, 43, 87, 31, 23, 62, 73, 70, 65, 7, 81, 21, 53, 40, 9, 91, 15, 56, 74, 10, 5, 24, 36, 8, 92, 22, 63, 93, 69, 50, 66, 27, 39, 83, 100]
instance= 65	infer_time= 0.971s	distance= 11.0479	path=[0, 31, 40, 95, 68, 65, 13, 15, 10, 23, 47, 63, 70, 78, 26, 71, 73, 32, 60, 62, 35, 33, 6, 94, 98, 64, 19, 17, 30, 69, 45, 59, 86, 8, 42, 34, 89, 79, 57, 49, 29, 41, 1, 53, 83, 92, 52, 54, 25, 50, 20, 80, 38, 90, 97, 28, 91, 14, 21, 51, 87, 4, 56, 46, 2, 85, 74, 18, 67, 61, 76, 82, 93, 72, 66, 48, 3, 39, 58, 11, 36, 22, 75, 7, 44, 24, 96, 84, 37, 88, 99, 81, 55, 12, 5, 9, 77, 16, 43, 27, 100]
instance= 66	infer_time= 0.970s	distance= 11.5598	path=[0, 98, 69, 43, 53, 96, 65, 16, 80, 57, 23, 48, 18, 82, 72, 75, 68, 71, 93, 8, 14, 47, 95, 87, 10, 88, 28, 77, 76, 24, 78, 52, 60, 13, 9, 2, 49, 42, 91, 38, 67, 50, 40, 17, 86, 37, 34, 31, 83, 62, 61, 21, 39, 27, 55, 92, 51, 94, 20, 73, 35, 74, 41, 5, 63, 11, 70, 25, 45, 44, 79, 29, 54, 26, 89, 30, 1, 19, 6, 4, 3, 85, 7, 99, 90, 22, 64, 12, 46, 97, 59, 56, 58, 33, 15, 36, 81, 32, 84, 66, 100]
instance= 67	infer_time= 0.965s	distance= 11.5361	path=[0, 95, 47, 50, 21, 27, 23, 90, 6, 3, 67, 73, 42, 61, 53, 30, 78, 28, 71, 76, 52, 41, 83, 49, 57, 10, 94, 40, 36, 70, 12, 77, 51, 22, 34, 92, 5, 65, 18, 75, 88, 82, 80, 37, 89, 9, 2, 20, 4, 72, 15, 93, 54, 96, 63, 25, 17, 59, 45, 81, 56, 14, 74, 85, 68, 99, 79, 62, 69, 64, 7, 58, 46, 38, 60, 98, 29, 84, 91, 44, 31, 24, 97, 48, 26, 39, 13, 8, 19, 11, 33, 16, 35, 32, 43, 87, 66, 1, 86, 55, 100]
instance= 68	infer_time= 0.966s	distance=  9.7458	path=[0, 32, 91, 14, 1, 90, 54, 53, 52, 3, 72, 75, 23, 37, 69, 77, 20, 60, 30, 70, 16, 89, 27, 61, 92, 40, 62, 44, 59, 21, 7, 39, 56, 71, 22, 82, 99, 24, 74, 73, 95, 29, 93, 34, 6, 19, 85, 2, 4, 88, 83, 42, 80, 51, 86, 94, 43, 47, 9, 35, 28, 31, 48, 17, 78, 79, 25, 13, 5, 76, 15, 68, 81, 50, 55, 11, 33, 65, 8, 58, 36, 96, 10, 18, 64, 26, 45, 38, 97, 63, 87, 57, 66, 49, 67, 98, 84, 41, 12, 46, 100]
instance= 69	infer_time= 0.976s	distance= 10.0620	path=[0, 44, 62, 34, 86, 33, 12, 15, 93, 68, 43, 17, 58, 50, 46, 28, 23, 81, 48, 67, 64, 35, 74, 94, 83, 30, 31, 2, 26, 42, 95, 5, 91, 63, 53, 37, 45, 20, 59, 10, 49, 3, 38, 7, 79, 8, 39, 18, 82, 6, 84, 98, 92, 78, 97, 9, 11, 89, 76, 55, 85, 87, 69, 65, 99, 22, 75, 47, 80, 54, 25, 57, 13, 90, 27, 32, 4, 21, 56, 96, 72, 1, 52, 66, 88, 51, 41, 29, 24, 14, 77, 73, 71, 70, 60, 19, 40, 61, 16, 36, 100]
instance= 70	infer_time= 0.979s	distance=  9.0289	path=[0, 33, 49, 84, 85, 50, 51, 38, 9, 7, 42, 4, 70, 60, 41, 96, 46, 75, 52, 71, 35, 57, 22, 73, 53, 24, 87, 91, 23, 66, 56, 59, 36, 45, 48, 68, 61, 11, 10, 19, 94, 86, 29, 6, 69, 21, 25, 14, 90, 78, 37, 17, 34, 54, 83, 88, 20, 89, 18, 63, 55, 26, 39, 44, 82, 1, 95, 8, 15, 16, 93, 72, 98, 65, 67, 32, 13, 28, 79, 47, 31, 5, 76, 30, 27, 64, 12, 92, 74, 99, 97, 62, 58, 81, 40, 2, 3, 43, 80, 77, 100]
instance= 71	infer_time= 0.972s	distance= 11.8930	path=[0, 7, 92, 36, 82, 49, 97, 17, 33, 10, 89, 90, 39, 76, 62, 70, 68, 87, 5, 35, 50, 58, 85, 96, 83, 13, 28, 23, 14, 37, 95, 1, 47, 27, 71, 88, 43, 48, 55, 29, 41, 78, 66, 19, 38, 59, 69, 18, 75, 86, 53, 15, 60, 8, 22, 3, 84, 45, 54, 2, 44, 46, 73, 57, 26, 42, 40, 6, 30, 67, 52, 63, 72, 16, 77, 31, 93, 91, 74, 34, 12, 24, 9, 4, 25, 99, 56, 61, 21, 51, 11, 20, 98, 32, 79, 81, 64, 65, 94, 80, 100]
instance= 72	infer_time= 0.967s	distance=  9.9809	path=[0, 90, 77, 83, 58, 89, 53, 86, 75, 50, 51, 4, 88, 10, 21, 45, 57, 71, 41, 59, 62, 52, 29, 92, 49, 82, 12, 31, 78, 79, 33, 16, 15, 19, 40, 34, 3, 9, 32, 14, 13, 73, 84, 70, 55, 28, 56, 5, 1, 7, 24, 11, 85, 65, 23, 18, 93, 38, 39, 98, 35, 44, 72, 2, 37, 54, 63, 87, 95, 74, 76, 6, 99, 17, 96, 94, 8, 30, 97, 20, 91, 27, 68, 42, 46, 69, 43, 25, 80, 67, 61, 66, 36, 22, 64, 47, 26, 60, 81, 48, 100]
instance= 73	infer_time= 0.977s	distance= 10.3427	path=[0, 43, 21, 82, 18, 99, 7, 79, 17, 70, 14, 95, 3, 83, 12, 54, 8, 88, 46, 84, 66, 98, 34, 29, 87, 96, 60, 44, 19, 65, 1, 67, 74, 56, 45, 20, 23, 41, 94, 53, 91, 75, 31, 78, 5, 68, 10, 26, 64, 28, 55, 36, 73, 16, 13, 27, 37, 42, 2, 40, 89, 32, 71, 61, 9, 69, 11, 86, 93, 85, 81, 24, 50, 39, 72, 76, 48, 63, 15, 49, 47, 4, 30, 35, 77, 51, 38, 80, 97, 62, 33, 52, 90, 92, 25, 58, 22, 6, 57, 59, 100]
instance= 74	infer_time= 0.963s	distance=  7.8046	path=[0, 22, 36, 65, 57, 34, 2, 78, 27, 26, 35, 48, 90, 10, 85, 67, 58, 9, 59, 21, 76, 75, 19, 45, 68, 61, 97, 66, 91, 94, 55, 25, 39, 20, 62, 96, 4, 53, 79, 31, 82, 1, 5, 15, 70, 99, 64, 80, 11, 29, 54, 47, 63, 24, 87, 16, 8, 60, 40, 72, 86, 77, 52, 14, 71, 33, 51, 41, 95, 7, 46, 44, 88, 12, 74, 6, 69, 81, 98, 13, 3, 92, 83, 73, 56, 43, 30, 17, 18, 84, 42, 93, 49, 37, 50, 38, 89, 32, 28, 23, 100]
instance= 75	infer_time= 0.966s	distance= 10.5576	path=[0, 22, 65, 50, 6, 87, 97, 35, 2, 28, 49, 48, 78, 13, 40, 29, 68, 36, 26, 17, 16, 15, 64, 27, 54, 7, 70, 24, 5, 45, 98, 86, 18, 82, 41, 63, 10, 81, 12, 61, 59, 84, 25, 44, 99, 8, 21, 47, 79, 32, 53, 73, 90, 30, 20, 57, 74, 94, 89, 85, 95, 60, 66, 77, 83, 23, 3, 4, 72, 51, 19, 38, 52, 80, 33, 56, 93, 67, 39, 58, 31, 46, 55, 71, 37, 75, 9, 76, 34, 1, 14, 91, 88, 11, 43, 96, 92, 42, 62, 69, 100]
instance= 76	infer_time= 0.965s	distance= 12.7559	path=[0, 17, 60, 44, 6, 88, 71, 28, 40, 14, 50, 41, 83, 68, 11, 74, 31, 39, 42, 20, 80, 35, 52, 1, 82, 24, 86, 93, 62, 55, 56, 27, 4, 75, 76, 70, 77, 90, 10, 46, 99, 37, 23, 36, 84, 65, 95, 33, 79, 97, 91, 94, 25, 57, 48, 47, 54, 69, 43, 66, 49, 26, 15, 53, 58, 98, 73, 5, 29, 21, 19, 2, 12, 32, 16, 45, 7, 51, 64, 9, 87, 63, 89, 22, 13, 67, 96, 34, 8, 18, 3, 38, 85, 61, 30, 59, 78, 81, 72, 92, 100]
instance= 77	infer_time= 0.964s	distance= 11.5807	path=[0, 96, 13, 81, 51, 33, 46, 85, 16, 74, 92, 12, 65, 28, 40, 42, 48, 99, 86, 23, 84, 22, 79, 38, 75, 15, 24, 77, 78, 20, 30, 52, 27, 61, 9, 55, 87, 36, 4, 1, 3, 34, 21, 90, 71, 32, 2, 73, 83, 8, 29, 7, 89, 35, 64, 95, 62, 93, 47, 45, 66, 70, 18, 37, 17, 98, 5, 88, 44, 41, 10, 14, 49, 54, 69, 72, 26, 94, 11, 50, 53, 58, 63, 56, 97, 39, 60, 67, 59, 19, 68, 57, 25, 91, 80, 31, 76, 6, 43, 82, 100]
instance= 78	infer_time= 0.965s	distance=  9.9026	path=[0, 83, 35, 86, 60, 74, 71, 2, 41, 98, 99, 34, 72, 88, 89, 26, 5, 43, 30, 32, 59, 22, 16, 28, 40, 13, 92, 25, 84, 93, 27, 90, 55, 38, 77, 70, 62, 73, 79, 52, 14, 31, 36, 75, 80, 54, 49, 23, 51, 96, 94, 91, 1, 95, 58, 46, 42, 19, 67, 4, 53, 15, 29, 85, 66, 69, 21, 3, 57, 45, 65, 37, 11, 68, 64, 50, 47, 78, 20, 97, 82, 8, 48, 56, 63, 33, 9, 61, 18, 39, 44, 81, 87, 10, 6, 12, 24, 17, 7, 76, 100]
instance= 79	infer_time= 0.967s	distance= 10.4995	path=[0, 83, 64, 98, 39, 42, 74, 95, 19, 61, 47, 89, 21, 56, 7, 68, 94, 87, 82, 45, 6, 43, 59, 57, 38, 2, 32, 84, 50, 71, 69, 8, 9, 29, 73, 65, 81, 37, 41, 23, 26, 44, 18, 86, 76, 80, 34, 91, 13, 12, 72, 88, 36, 46, 27, 67, 10, 55, 15, 24, 16, 3, 31, 33, 40, 62, 35, 54, 63, 60, 49, 4, 5, 75, 30, 48, 93, 96, 20, 11, 53, 17, 1, 79, 77, 85, 14, 70, 78, 99, 66, 58, 52, 92, 90, 25, 28, 51, 22, 97, 100]
instance= 80	infer_time= 0.984s	distance= 11.1858	path=[0, 74, 57, 65, 92, 41, 2, 87, 59, 34, 94, 26, 16, 50, 36, 29, 77, 76, 89, 47, 67, 19, 18, 13, 63, 86, 32, 33, 20, 48, 68, 35, 98, 66, 11, 9, 75, 80, 8, 61, 4, 97, 5, 23, 7, 17, 38, 81, 88, 54, 93, 14, 22, 70, 10, 58, 83, 21, 53, 52, 62, 46, 12, 1, 44, 6, 85, 45, 90, 15, 71, 99, 49, 28, 84, 72, 27, 55, 96, 95, 73, 60, 37, 79, 56, 64, 24, 82, 31, 42, 3, 43, 78, 30, 91, 25, 69, 40, 51, 39, 100]
instance= 81	infer_time= 0.968s	distance= 11.6913	path=[0, 30, 20, 60, 36, 68, 48, 37, 66, 65, 12, 69, 78, 5, 32, 63, 85, 96, 50, 72, 11, 39, 98, 87, 54, 3, 71, 19, 49, 22, 58, 41, 83, 77, 75, 15, 44, 81, 33, 95, 99, 26, 51, 86, 17, 2, 55, 24, 47, 93, 88, 79, 52, 27, 31, 92, 59, 46, 97, 9, 42, 14, 56, 43, 73, 40, 53, 8, 23, 82, 13, 57, 90, 64, 6, 45, 7, 29, 25, 21, 35, 80, 67, 62, 4, 84, 91, 10, 16, 61, 74, 28, 70, 89, 38, 34, 1, 94, 76, 18, 100]
instance= 82	infer_time= 0.976s	distance= 10.0403	path=[0, 10, 31, 54, 18, 58, 66, 11, 70, 94, 85, 14, 78, 49, 3, 61, 67, 91, 53, 27, 33, 69, 5, 35, 92, 71, 88, 26, 36, 50, 76, 52, 81, 57, 45, 16, 9, 8, 89, 1, 63, 41, 32, 12, 82, 65, 73, 21, 30, 60, 44, 23, 75, 24, 22, 97, 39, 87, 98, 19, 86, 7, 6, 99, 37, 96, 17, 38, 90, 2, 95, 59, 28, 93, 34, 56, 48, 83, 55, 20, 47, 72, 62, 43, 25, 84, 4, 15, 40, 29, 64, 51, 42, 46, 79, 77, 80, 13, 68, 74, 100]
instance= 83	infer_time= 0.966s	distance=  8.5715	path=[0, 92, 35, 38, 46, 88, 83, 84, 19, 90, 42, 45, 76, 58, 66, 82, 31, 4, 29, 61, 77, 91, 22, 98, 64, 33, 74, 65, 94, 89, 62, 25, 16, 9, 47, 24, 8, 85, 3, 57, 37, 55, 96, 5, 52, 78, 21, 12, 87, 60, 56, 30, 10, 69, 63, 54, 32, 59, 1, 20, 80, 67, 79, 18, 40, 2, 17, 36, 48, 23, 27, 97, 73, 70, 86, 50, 93, 43, 53, 34, 49, 44, 11, 81, 99, 7, 95, 6, 71, 68, 26, 41, 39, 51, 75, 72, 15, 28, 13, 14, 100]
instance= 84	infer_time= 0.966s	distance= 11.7138	path=[0, 75, 97, 1, 48, 95, 65, 82, 63, 43, 62, 27, 74, 55, 86, 14, 67, 91, 34, 71, 59, 18, 98, 60, 11, 40, 66, 96, 46, 38, 51, 45, 29, 6, 13, 3, 73, 4, 5, 19, 39, 68, 31, 26, 69, 77, 92, 23, 7, 9, 57, 41, 72, 85, 15, 87, 33, 47, 42, 80, 28, 17, 64, 36, 22, 16, 50, 94, 90, 32, 52, 30, 84, 93, 25, 8, 78, 54, 49, 89, 37, 35, 99, 58, 76, 88, 24, 10, 56, 70, 79, 83, 20, 61, 21, 2, 81, 53, 12, 44, 100]
instance= 85	infer_time= 0.969s	distance= 10.0717	path=[0, 35, 67, 32, 2, 73, 56, 90, 60, 93, 88, 89, 62, 13, 34, 4, 26, 82, 98, 48, 8, 94, 15, 30, 17, 45, 16, 69, 36, 22, 80, 49, 3, 51, 75, 96, 65, 72, 66, 11, 99, 61, 37, 38, 47, 46, 57, 92, 6, 58, 24, 18, 79, 87, 85, 86, 83, 53, 77, 91, 74, 10, 78, 12, 71, 95, 5, 81, 54, 20, 23, 55, 39, 70, 27, 68, 14, 40, 44, 52, 19, 1, 42, 41, 21, 50, 29, 9, 33, 43, 84, 25, 59, 7, 97, 31, 64, 28, 63, 76, 100]
instance= 86	infer_time= 0.970s	distance= 10.1262	path=[0, 48, 36, 41, 44, 80, 50, 26, 65, 37, 64, 96, 66, 16, 74, 42, 89, 54, 9, 35, 24, 20, 81, 73, 53, 75, 52, 10, 61, 22, 93, 31, 47, 23, 27, 2, 98, 83, 17, 3, 62, 46, 91, 43, 39, 49, 63, 38, 15, 18, 12, 25, 71, 79, 87, 88, 67, 55, 90, 57, 8, 40, 82, 30, 58, 70, 5, 59, 45, 99, 77, 78, 72, 51, 1, 95, 84, 6, 32, 69, 92, 97, 29, 34, 68, 4, 11, 85, 86, 13, 56, 60, 94, 76, 14, 21, 7, 19, 33, 28, 100]
instance= 87	infer_time= 0.970s	distance= 12.2624	path=[0, 16, 81, 90, 39, 54, 70, 19, 51, 56, 48, 24, 18, 95, 87, 63, 4, 7, 5, 10, 25, 34, 76, 35, 30, 72, 79, 29, 12, 89, 3, 13, 60, 44, 82, 8, 57, 71, 65, 20, 91, 6, 41, 94, 47, 22, 38, 66, 52, 83, 46, 86, 59, 40, 96, 73, 75, 49, 31, 9, 58, 26, 17, 80, 92, 62, 45, 43, 15, 64, 99, 1, 53, 85, 50, 78, 42, 67, 84, 98, 74, 68, 77, 69, 55, 27, 23, 2, 11, 33, 21, 88, 32, 14, 93, 37, 97, 36, 28, 61, 100]
instance= 88	infer_time= 0.969s	distance=  9.9607	path=[0, 70, 54, 96, 77, 85, 86, 82, 52, 28, 81, 90, 87, 46, 92, 79, 13, 74, 91, 94, 71, 25, 38, 26, 60, 88, 69, 41, 24, 80, 76, 67, 27, 22, 23, 40, 72, 63, 50, 45, 8, 66, 75, 31, 39, 56, 6, 11, 61, 64, 36, 47, 62, 30, 68, 53, 51, 84, 42, 83, 5, 21, 44, 78, 14, 19, 9, 10, 33, 57, 93, 55, 16, 17, 37, 97, 43, 59, 29, 58, 65, 35, 49, 95, 7, 98, 3, 73, 1, 99, 89, 48, 12, 18, 32, 20, 4, 2, 15, 34, 100]
instance= 89	infer_time= 0.972s	distance=  9.5304	path=[0, 89, 44, 80, 2, 43, 18, 15, 94, 19, 31, 29, 68, 17, 21, 70, 66, 32, 35, 79, 49, 76, 95, 34, 5, 50, 51, 54, 75, 13, 22, 97, 67, 40, 53, 25, 71, 37, 39, 73, 14, 58, 77, 55, 72, 20, 47, 10, 12, 91, 36, 63, 82, 93, 33, 7, 86, 8, 64, 11, 42, 65, 88, 46, 45, 23, 56, 74, 98, 83, 92, 30, 48, 69, 99, 41, 38, 59, 16, 27, 9, 6, 57, 96, 60, 90, 78, 24, 81, 85, 1, 61, 62, 87, 4, 84, 3, 26, 52, 28, 100]
instance= 90	infer_time= 0.998s	distance=  9.3812	path=[0, 1, 62, 8, 42, 25, 99, 64, 87, 69, 31, 32, 78, 92, 23, 6, 88, 63, 52, 81, 59, 19, 75, 66, 28, 9, 57, 2, 51, 47, 39, 93, 21, 61, 46, 54, 55, 12, 72, 11, 49, 34, 58, 77, 53, 90, 5, 44, 20, 37, 73, 74, 96, 84, 65, 79, 22, 33, 48, 18, 95, 27, 76, 86, 97, 80, 50, 13, 30, 35, 41, 71, 3, 15, 82, 67, 29, 83, 14, 26, 56, 43, 24, 94, 68, 7, 17, 16, 89, 60, 38, 40, 10, 98, 36, 70, 91, 4, 85, 45, 100]
instance= 91	infer_time= 0.971s	distance= 11.6869	path=[0, 23, 16, 34, 20, 62, 9, 8, 74, 76, 26, 7, 96, 54, 22, 71, 94, 31, 78, 43, 18, 95, 83, 85, 93, 32, 63, 28, 24, 29, 25, 52, 90, 91, 72, 19, 44, 60, 13, 80, 59, 40, 97, 41, 87, 45, 36, 38, 3, 49, 73, 33, 99, 69, 64, 81, 42, 15, 92, 35, 6, 88, 30, 89, 17, 82, 2, 39, 79, 57, 84, 86, 47, 27, 14, 70, 77, 12, 50, 65, 46, 5, 56, 58, 75, 48, 11, 10, 1, 53, 37, 98, 21, 68, 67, 4, 66, 61, 51, 55, 100]
instance= 92	infer_time= 0.977s	distance= 11.5114	path=[0, 49, 71, 94, 18, 16, 57, 10, 76, 6, 48, 41, 51, 29, 20, 34, 93, 24, 25, 99, 70, 74, 15, 28, 13, 53, 42, 50, 1, 88, 43, 97, 72, 21, 90, 22, 17, 4, 56, 9, 87, 84, 63, 2, 5, 80, 79, 32, 36, 26, 82, 96, 86, 54, 35, 62, 91, 60, 69, 12, 81, 47, 67, 77, 83, 65, 11, 78, 44, 46, 73, 89, 58, 95, 92, 59, 66, 33, 37, 8, 23, 85, 19, 55, 31, 38, 61, 30, 98, 14, 68, 39, 27, 7, 64, 75, 52, 45, 40, 3, 100]
instance= 93	infer_time= 0.963s	distance=  9.8533	path=[0, 58, 77, 30, 59, 85, 27, 44, 80, 99, 29, 94, 91, 36, 39, 28, 88, 40, 66, 34, 53, 75, 4, 33, 95, 17, 45, 9, 22, 49, 20, 2, 1, 84, 23, 18, 64, 87, 21, 32, 61, 62, 92, 98, 55, 7, 86, 46, 14, 8, 16, 37, 3, 43, 35, 96, 57, 38, 10, 69, 19, 97, 67, 12, 63, 11, 83, 79, 47, 5, 52, 13, 93, 26, 41, 56, 72, 70, 82, 68, 54, 60, 51, 90, 6, 50, 73, 24, 15, 31, 42, 65, 81, 76, 25, 48, 74, 78, 89, 71, 100]
instance= 94	infer_time= 0.971s	distance=  9.9491	path=[0, 32, 63, 48, 20, 42, 6, 33, 23, 75, 54, 4, 5, 29, 89, 46, 17, 60, 8, 39, 37, 95, 50, 2, 59, 34, 81, 24, 77, 74, 85, 56, 11, 65, 22, 26, 99, 76, 45, 64, 47, 71, 35, 55, 51, 25, 68, 84, 52, 73, 30, 21, 27, 13, 96, 16, 1, 97, 9, 88, 93, 3, 72, 12, 31, 80, 44, 91, 62, 67, 49, 82, 43, 90, 15, 53, 61, 57, 7, 58, 70, 86, 19, 79, 38, 28, 78, 10, 14, 98, 18, 41, 92, 66, 87, 94, 40, 83, 36, 69, 100]
instance= 95	infer_time= 0.971s	distance= 13.3587	path=[0, 40, 97, 29, 67, 91, 1, 98, 36, 12, 41, 14, 6, 74, 22, 24, 88, 62, 44, 26, 47, 9, 86, 92, 19, 18, 21, 38, 42, 63, 23, 32, 33, 16, 83, 69, 25, 60, 81, 51, 10, 56, 35, 49, 68, 53, 95, 82, 58, 8, 7, 28, 57, 43, 45, 11, 75, 46, 52, 65, 3, 30, 59, 54, 80, 94, 96, 77, 48, 5, 79, 90, 55, 34, 78, 20, 13, 89, 37, 76, 73, 85, 72, 99, 87, 71, 4, 17, 70, 50, 39, 27, 66, 61, 31, 84, 93, 2, 15, 64, 100]
instance= 96	infer_time= 0.976s	distance= 11.8442	path=[0, 62, 81, 79, 30, 83, 66, 23, 34, 78, 96, 18, 21, 82, 94, 8, 59, 86, 4, 89, 55, 70, 37, 33, 25, 27, 5, 52, 73, 46, 19, 6, 17, 56, 14, 72, 11, 95, 10, 9, 87, 32, 29, 99, 51, 2, 20, 16, 15, 63, 58, 64, 28, 61, 74, 69, 88, 24, 22, 91, 3, 41, 45, 57, 39, 75, 68, 93, 12, 43, 7, 97, 98, 48, 53, 71, 38, 85, 47, 42, 35, 80, 50, 26, 54, 84, 1, 60, 76, 36, 67, 13, 90, 31, 92, 40, 44, 65, 49, 77, 100]
instance= 97	infer_time= 0.975s	distance= 10.9328	path=[0, 23, 66, 52, 85, 54, 33, 93, 9, 12, 59, 28, 64, 3, 56, 7, 86, 17, 83, 89, 26, 10, 11, 40, 50, 51, 41, 68, 49, 32, 42, 67, 21, 16, 92, 97, 70, 82, 13, 98, 5, 8, 25, 63, 78, 48, 46, 81, 87, 72, 55, 76, 73, 29, 53, 20, 99, 57, 79, 18, 44, 60, 4, 35, 71, 27, 77, 24, 61, 88, 14, 47, 19, 69, 43, 58, 96, 45, 15, 90, 38, 62, 34, 94, 91, 22, 65, 74, 1, 37, 75, 31, 36, 39, 6, 30, 84, 2, 80, 95, 100]
instance= 98	infer_time= 0.977s	distance=  9.2439	path=[0, 97, 27, 77, 46, 87, 47, 5, 53, 30, 2, 41, 71, 68, 55, 79, 23, 94, 29, 38, 20, 93, 39, 21, 61, 45, 73, 66, 76, 63, 89, 56, 62, 91, 40, 22, 25, 84, 98, 78, 92, 4, 15, 57, 9, 42, 19, 24, 75, 18, 85, 3, 69, 31, 60, 67, 58, 37, 48, 95, 6, 12, 11, 7, 83, 88, 13, 59, 32, 80, 64, 81, 54, 44, 52, 34, 96, 43, 90, 49, 26, 1, 36, 17, 28, 8, 50, 72, 99, 70, 35, 65, 14, 86, 10, 33, 16, 74, 82, 51, 100]
instance= 99	infer_time= 0.969s	distance=  8.1793	path=[0, 35, 66, 37, 31, 98, 13, 12, 79, 48, 72, 95, 15, 54, 84, 3, 96, 69, 75, 51, 43, 20, 92, 58, 73, 53, 78, 76, 62, 77, 70, 71, 16, 88, 46, 82, 21, 27, 91, 4, 40, 2, 81, 49, 30, 22, 25, 26, 11, 97, 86, 32, 59, 93, 55, 60, 80, 17, 24, 56, 41, 19, 89, 36, 6, 68, 18, 83, 9, 8, 63, 74, 87, 33, 99, 57, 38, 61, 44, 47, 1, 10, 39, 52, 34, 28, 65, 14, 90, 85, 67, 50, 23, 45, 64, 94, 7, 42, 5, 29, 100]
instance=100	infer_time= 0.974s	distance=  9.9982	path=[0, 84, 8, 54, 82, 43, 39, 25, 31, 93, 26, 47, 15, 83, 38, 28, 22, 9, 33, 64, 56, 11, 16, 58, 95, 85, 29, 52, 97, 1, 59, 65, 10, 48, 20, 90, 5, 70, 55, 78, 67, 46, 60, 91, 18, 86, 24, 51, 3, 40, 77, 72, 76, 89, 98, 19, 69, 63, 34, 14, 49, 27, 81, 74, 35, 17, 23, 96, 62, 44, 75, 94, 68, 53, 2, 80, 13, 99, 79, 92, 12, 36, 57, 4, 32, 61, 37, 45, 21, 66, 88, 73, 50, 42, 6, 30, 71, 87, 41, 7, 100]
instance=101	infer_time= 0.980s	distance= 11.9807	path=[0, 94, 12, 13, 22, 10, 14, 83, 38, 48, 79, 21, 90, 96, 67, 42, 35, 2, 26, 53, 87, 25, 98, 63, 75, 52, 68, 81, 85, 56, 64, 17, 44, 71, 55, 73, 43, 88, 20, 51, 19, 50, 49, 74, 41, 9, 1, 54, 5, 29, 77, 93, 15, 34, 57, 8, 84, 28, 18, 7, 86, 82, 72, 95, 16, 11, 60, 78, 30, 47, 76, 62, 59, 36, 61, 58, 24, 65, 45, 69, 4, 33, 99, 6, 31, 37, 66, 70, 27, 32, 40, 23, 39, 91, 3, 92, 46, 89, 80, 97, 100]
instance=102	infer_time= 0.975s	distance= 10.6793	path=[0, 31, 46, 62, 54, 82, 23, 96, 25, 49, 73, 84, 38, 90, 99, 32, 5, 66, 92, 11, 59, 85, 47, 22, 83, 74, 14, 1, 93, 75, 86, 51, 35, 10, 88, 24, 95, 9, 4, 6, 26, 98, 69, 52, 58, 33, 19, 12, 40, 77, 81, 44, 67, 29, 18, 97, 72, 21, 16, 78, 53, 80, 45, 65, 91, 79, 15, 94, 30, 70, 34, 55, 68, 13, 76, 43, 71, 48, 36, 64, 28, 41, 63, 7, 87, 50, 42, 39, 89, 8, 61, 56, 27, 60, 2, 20, 3, 37, 17, 57, 100]
instance=103	infer_time= 0.970s	distance= 10.5710	path=[0, 64, 60, 84, 47, 40, 45, 62, 16, 61, 80, 53, 67, 13, 15, 44, 87, 4, 23, 9, 31, 85, 37, 66, 17, 86, 98, 24, 34, 2, 3, 63, 56, 25, 36, 32, 10, 75, 70, 50, 76, 91, 59, 92, 42, 12, 28, 41, 29, 54, 81, 57, 82, 39, 55, 43, 11, 8, 19, 27, 5, 65, 79, 35, 7, 95, 68, 48, 52, 77, 30, 38, 83, 78, 89, 33, 99, 74, 72, 93, 46, 58, 1, 49, 20, 96, 94, 6, 97, 21, 69, 18, 73, 26, 14, 22, 88, 90, 51, 71, 100]
instance=104	infer_time= 0.971s	distance= 10.1627	path=[0, 57, 56, 75, 40, 2, 32, 50, 1, 91, 67, 34, 99, 62, 7, 73, 65, 95, 35, 92, 82, 14, 78, 97, 87, 26, 44, 98, 71, 13, 83, 33, 37, 8, 16, 76, 88, 36, 47, 46, 94, 28, 61, 55, 22, 54, 18, 58, 96, 72, 39, 51, 5, 77, 64, 15, 52, 27, 24, 86, 79, 25, 9, 30, 81, 85, 70, 6, 20, 10, 69, 41, 21, 45, 84, 80, 53, 49, 89, 66, 11, 23, 60, 90, 93, 63, 31, 19, 4, 38, 43, 12, 68, 3, 42, 74, 17, 48, 29, 59, 100]
instance=105	infer_time= 0.960s	distance=  8.9076	path=[0, 21, 64, 81, 8, 79, 16, 75, 57, 74, 90, 50, 19, 17, 97, 91, 39, 95, 6, 47, 78, 41, 82, 18, 5, 3, 15, 54, 73, 88, 31, 85, 42, 61, 30, 68, 80, 77, 1, 36, 20, 52, 59, 86, 67, 48, 46, 99, 49, 14, 44, 83, 84, 62, 65, 60, 94, 27, 51, 93, 2, 35, 58, 66, 13, 70, 76, 43, 9, 89, 37, 38, 96, 24, 56, 23, 12, 72, 10, 69, 63, 98, 33, 7, 4, 45, 26, 55, 29, 53, 34, 32, 87, 28, 11, 40, 22, 92, 71, 25, 100]
instance=106	infer_time= 0.968s	distance= 10.4952	path=[0, 50, 98, 89, 56, 53, 7, 86, 24, 19, 65, 2, 88, 47, 22, 13, 18, 67, 78, 57, 40, 71, 41, 16, 9, 54, 26, 75, 35, 23, 28, 43, 11, 72, 60, 14, 99, 59, 81, 10, 61, 69, 25, 15, 52, 70, 55, 85, 3, 42, 79, 31, 37, 77, 62, 36, 66, 4, 27, 1, 74, 29, 49, 76, 87, 48, 44, 91, 12, 6, 97, 34, 83, 63, 33, 45, 92, 96, 68, 84, 30, 64, 8, 39, 73, 51, 93, 58, 20, 95, 17, 21, 80, 94, 5, 32, 46, 90, 82, 38, 100]
instance=107	infer_time= 0.973s	distance=  8.9833	path=[0, 88, 93, 70, 65, 5, 97, 80, 22, 6, 55, 21, 61, 64, 74, 30, 8, 54, 57, 16, 32, 84, 78, 20, 89, 60, 47, 34, 58, 48, 98, 14, 94, 92, 91, 99, 63, 46, 87, 36, 38, 83, 13, 29, 44, 56, 11, 75, 71, 35, 66, 7, 31, 69, 12, 67, 79, 45, 90, 23, 19, 85, 51, 81, 52, 41, 9, 68, 59, 2, 3, 40, 77, 73, 39, 1, 15, 82, 25, 10, 18, 17, 33, 72, 4, 27, 24, 43, 28, 86, 37, 62, 53, 26, 76, 96, 49, 95, 42, 50, 100]
instance=108	infer_time= 0.970s	distance= 10.1784	path=[0, 7, 1, 17, 86, 68, 33, 97, 92, 20, 67, 26, 64, 91, 95, 3, 8, 84, 82, 54, 89, 24, 56, 14, 25, 59, 58, 78, 37, 70, 38, 85, 93, 96, 65, 40, 45, 50, 61, 71, 9, 32, 76, 46, 16, 99, 11, 62, 21, 22, 51, 4, 36, 35, 74, 41, 10, 66, 18, 94, 98, 87, 80, 81, 49, 52, 13, 15, 57, 48, 47, 77, 73, 75, 28, 60, 39, 90, 29, 34, 44, 5, 12, 88, 72, 43, 19, 63, 53, 30, 42, 83, 27, 2, 69, 79, 31, 23, 55, 6, 100]
instance=109	infer_time= 0.973s	distance= 12.4968	path=[0, 76, 3, 28, 49, 56, 87, 39, 46, 41, 71, 89, 25, 45, 14, 77, 90, 60, 18, 9, 72, 53, 7, 65, 59, 12, 47, 23, 36, 2, 79, 86, 29, 37, 4, 97, 70, 57, 40, 10, 74, 62, 85, 61, 94, 48, 24, 44, 95, 82, 19, 69, 81, 33, 78, 68, 55, 35, 75, 42, 88, 20, 31, 13, 17, 52, 32, 99, 1, 8, 54, 66, 26, 58, 5, 21, 50, 30, 38, 11, 63, 16, 92, 43, 73, 91, 93, 6, 15, 80, 64, 22, 51, 84, 98, 96, 67, 83, 34, 27, 100]
instance=110	infer_time= 0.962s	distance= 11.1079	path=[0, 15, 48, 62, 59, 99, 35, 95, 18, 94, 43, 31, 10, 7, 60, 32, 26, 75, 92, 1, 91, 78, 76, 72, 36, 9, 24, 56, 98, 49, 44, 71, 17, 8, 88, 40, 47, 90, 97, 34, 93, 74, 79, 68, 14, 83, 13, 23, 38, 22, 63, 21, 33, 85, 51, 84, 69, 28, 87, 82, 61, 25, 73, 70, 54, 4, 5, 96, 20, 53, 2, 52, 86, 55, 39, 50, 41, 16, 89, 30, 77, 81, 80, 66, 11, 58, 6, 45, 46, 64, 67, 27, 19, 42, 65, 29, 37, 12, 3, 57, 100]
instance=111	infer_time= 0.981s	distance= 12.6675	path=[0, 77, 73, 72, 23, 68, 59, 79, 63, 85, 13, 14, 37, 9, 12, 41, 87, 4, 75, 32, 31, 45, 50, 34, 26, 22, 19, 48, 76, 96, 51, 40, 98, 86, 78, 44, 89, 43, 60, 39, 5, 42, 82, 11, 55, 58, 15, 20, 52, 36, 97, 69, 99, 29, 67, 91, 38, 1, 92, 27, 8, 54, 71, 64, 93, 6, 62, 84, 25, 18, 57, 81, 95, 90, 47, 66, 80, 94, 35, 24, 56, 30, 65, 53, 83, 2, 21, 3, 28, 46, 88, 7, 10, 61, 17, 74, 70, 16, 49, 33, 100]
instance=112	infer_time= 0.970s	distance=  9.1517	path=[0, 18, 90, 50, 35, 32, 26, 49, 95, 28, 86, 76, 77, 64, 45, 57, 4, 62, 91, 6, 21, 14, 93, 58, 99, 63, 82, 89, 9, 24, 79, 43, 98, 40, 71, 29, 1, 68, 80, 11, 12, 37, 10, 17, 38, 60, 67, 84, 70, 33, 75, 85, 54, 46, 52, 96, 61, 3, 20, 5, 36, 59, 31, 34, 25, 16, 81, 30, 47, 39, 78, 56, 19, 42, 13, 65, 69, 53, 87, 83, 23, 73, 97, 27, 41, 55, 72, 51, 44, 22, 8, 92, 7, 15, 48, 88, 94, 74, 2, 66, 100]
instance=113	infer_time= 0.966s	distance= 10.5934	path=[0, 25, 3, 7, 41, 82, 63, 35, 64, 92, 70, 31, 27, 36, 93, 80, 56, 89, 94, 66, 23, 87, 65, 67, 10, 24, 73, 57, 6, 96, 29, 15, 5, 68, 55, 19, 46, 43, 16, 47, 38, 69, 26, 39, 17, 74, 81, 30, 71, 54, 72, 98, 61, 12, 1, 51, 4, 40, 32, 28, 34, 78, 83, 42, 18, 45, 86, 20, 2, 33, 75, 22, 97, 79, 90, 49, 59, 60, 88, 77, 85, 99, 76, 9, 62, 44, 50, 84, 58, 21, 13, 48, 95, 53, 37, 11, 8, 52, 91, 14, 100]
instance=114	infer_time= 0.970s	distance= 11.1115	path=[0, 15, 65, 84, 98, 60, 11, 76, 10, 72, 90, 29, 77, 47, 5, 86, 94, 46, 33, 49, 74, 99, 85, 7, 96, 56, 55, 40, 18, 81, 31, 21, 48, 83, 92, 53, 8, 3, 80, 62, 38, 69, 61, 17, 4, 20, 59, 51, 79, 54, 37, 9, 44, 19, 71, 50, 78, 73, 24, 22, 32, 26, 35, 82, 45, 70, 14, 93, 28, 87, 27, 1, 95, 52, 30, 2, 12, 16, 25, 89, 57, 39, 58, 43, 67, 41, 6, 91, 75, 66, 63, 64, 68, 13, 42, 97, 88, 23, 34, 36, 100]
instance=115	infer_time= 0.974s	distance= 11.5855	path=[0, 6, 55, 9, 23, 54, 70, 65, 59, 4, 95, 93, 24, 90, 69, 72, 67, 48, 76, 18, 25, 30, 29, 60, 97, 36, 98, 33, 64, 46, 27, 35, 84, 92, 40, 88, 83, 13, 94, 57, 43, 63, 5, 19, 79, 58, 15, 2, 22, 20, 87, 1, 81, 86, 78, 47, 53, 82, 74, 32, 8, 17, 99, 21, 10, 7, 89, 26, 28, 38, 73, 12, 45, 39, 68, 85, 71, 51, 34, 62, 61, 77, 11, 31, 44, 42, 91, 14, 96, 52, 56, 50, 37, 3, 75, 66, 41, 16, 80, 49, 100]
instance=116	infer_time= 0.976s	distance= 10.7684	path=[0, 63, 48, 68, 22, 38, 8, 9, 21, 34, 2, 45, 47, 74, 44, 49, 3, 24, 59, 43, 36, 15, 72, 32, 35, 39, 71, 86, 84, 80, 20, 7, 26, 87, 89, 51, 66, 77, 1, 61, 17, 57, 18, 85, 10, 30, 58, 27, 99, 62, 96, 19, 64, 98, 69, 6, 50, 94, 12, 55, 82, 33, 95, 28, 91, 97, 25, 79, 40, 23, 83, 5, 76, 78, 46, 81, 14, 41, 52, 53, 4, 29, 90, 54, 92, 16, 67, 11, 65, 88, 70, 37, 93, 31, 42, 13, 56, 60, 73, 75, 100]
instance=117	infer_time= 0.965s	distance= 11.6824	path=[0, 93, 46, 6, 54, 49, 56, 11, 74, 67, 63, 91, 37, 76, 65, 99, 84, 47, 5, 23, 92, 89, 4, 7, 25, 82, 98, 58, 94, 78, 12, 53, 21, 26, 17, 69, 44, 22, 68, 86, 81, 97, 80, 3, 16, 71, 48, 27, 13, 40, 41, 77, 87, 88, 24, 15, 34, 30, 90, 75, 43, 52, 57, 83, 62, 19, 20, 79, 96, 45, 36, 33, 18, 14, 1, 59, 85, 70, 32, 28, 38, 42, 64, 73, 66, 72, 9, 50, 61, 10, 55, 8, 51, 35, 2, 39, 60, 29, 31, 95, 100]
instance=118	infer_time= 0.970s	distance= 10.4215	path=[0, 77, 44, 53, 7, 48, 90, 57, 93, 83, 58, 81, 89, 70, 68, 16, 62, 17, 54, 42, 46, 69, 23, 98, 9, 22, 85, 96, 39, 56, 88, 51, 99, 27, 84, 38, 4, 12, 71, 40, 86, 92, 59, 21, 30, 76, 97, 50, 52, 82, 36, 64, 78, 10, 55, 13, 75, 33, 72, 24, 32, 60, 19, 28, 2, 45, 14, 5, 87, 91, 67, 95, 15, 63, 47, 26, 20, 66, 43, 18, 35, 80, 11, 74, 41, 6, 34, 73, 61, 65, 1, 25, 31, 79, 94, 8, 49, 29, 37, 3, 100]
instance=119	infer_time= 0.972s	distance= 10.9529	path=[0, 59, 19, 65, 70, 56, 93, 50, 27, 91, 61, 3, 14, 2, 41, 45, 7, 52, 67, 51, 6, 84, 66, 89, 13, 34, 96, 40, 12, 22, 95, 5, 71, 79, 38, 35, 75, 28, 88, 26, 4, 97, 80, 37, 68, 86, 1, 98, 87, 73, 77, 54, 63, 82, 69, 90, 23, 17, 83, 25, 8, 24, 43, 62, 11, 44, 78, 36, 64, 39, 53, 42, 21, 94, 15, 57, 48, 16, 85, 29, 32, 46, 74, 76, 9, 49, 20, 33, 92, 99, 31, 30, 55, 72, 60, 58, 18, 81, 47, 10, 100]
instance=120	infer_time= 0.969s	distance= 10.5433	path=[0, 5, 2, 59, 70, 31, 17, 98, 27, 90, 52, 11, 21, 37, 6, 60, 91, 73, 65, 50, 40, 23, 20, 29, 72, 78, 53, 24, 12, 80, 64, 1, 99, 3, 57, 71, 22, 45, 87, 14, 82, 33, 75, 43, 16, 4, 47, 81, 13, 26, 48, 38, 77, 46, 7, 62, 10, 49, 15, 74, 83, 67, 69, 41, 25, 76, 56, 61, 28, 34, 84, 39, 58, 30, 85, 36, 96, 35, 42, 63, 97, 68, 55, 94, 66, 79, 8, 88, 9, 18, 44, 92, 86, 89, 93, 95, 19, 32, 51, 54, 100]
instance=121	infer_time= 0.986s	distance= 10.5330	path=[0, 72, 62, 38, 87, 93, 30, 14, 94, 47, 15, 9, 81, 56, 80, 4, 71, 88, 11, 2, 92, 97, 19, 63, 51, 60, 18, 66, 3, 24, 96, 68, 12, 48, 58, 82, 37, 85, 77, 43, 45, 36, 79, 53, 34, 89, 16, 74, 26, 52, 31, 69, 1, 39, 95, 70, 59, 28, 29, 23, 98, 49, 78, 65, 17, 83, 32, 5, 76, 42, 90, 67, 54, 20, 33, 61, 55, 22, 21, 84, 25, 57, 35, 73, 27, 75, 44, 64, 91, 7, 10, 6, 8, 86, 50, 99, 40, 46, 41, 13, 100]
instance=122	infer_time= 0.975s	distance= 12.5644	path=[0, 24, 98, 46, 56, 74, 30, 96, 26, 15, 63, 32, 67, 91, 48, 97, 80, 23, 8, 94, 71, 87, 85, 62, 75, 10, 88, 29, 25, 18, 53, 92, 68, 16, 36, 59, 55, 73, 93, 47, 21, 5, 11, 90, 35, 33, 45, 22, 13, 89, 69, 42, 60, 61, 40, 27, 49, 14, 65, 9, 37, 54, 2, 34, 4, 6, 76, 82, 12, 17, 78, 86, 64, 66, 39, 7, 41, 83, 79, 57, 28, 20, 3, 81, 95, 52, 51, 72, 84, 50, 99, 43, 58, 31, 70, 19, 1, 44, 38, 77, 100]
instance=123	infer_time= 0.967s	distance= 11.3048	path=[0, 18, 54, 31, 13, 91, 51, 57, 3, 17, 34, 25, 36, 7, 39, 88, 38, 81, 98, 74, 78, 16, 29, 65, 53, 79, 42, 26, 99, 90, 62, 61, 24, 58, 44, 84, 85, 49, 9, 30, 64, 60, 4, 47, 20, 2, 23, 66, 6, 76, 96, 92, 95, 15, 27, 94, 8, 71, 37, 86, 83, 68, 41, 89, 59, 75, 50, 97, 21, 48, 35, 52, 63, 55, 1, 93, 40, 69, 33, 43, 80, 73, 72, 19, 87, 28, 77, 67, 56, 45, 12, 5, 46, 82, 70, 10, 22, 14, 11, 32, 100]
instance=124	infer_time= 0.967s	distance= 11.1545	path=[0, 91, 49, 12, 97, 7, 34, 96, 39, 28, 21, 31, 6, 44, 98, 85, 14, 56, 20, 32, 50, 95, 70, 61, 5, 82, 35, 37, 68, 73, 23, 10, 9, 17, 8, 16, 88, 46, 4, 89, 58, 67, 26, 11, 52, 69, 47, 3, 36, 25, 1, 18, 40, 42, 72, 77, 13, 75, 41, 80, 33, 55, 60, 71, 81, 19, 27, 94, 79, 45, 74, 22, 78, 87, 76, 93, 51, 29, 66, 90, 92, 43, 30, 99, 38, 62, 57, 15, 83, 59, 2, 54, 86, 24, 63, 84, 53, 65, 48, 64, 100]
instance=125	infer_time= 0.966s	distance= 10.0391	path=[0, 85, 53, 69, 57, 45, 71, 19, 42, 11, 98, 17, 58, 4, 91, 24, 50, 65, 88, 93, 79, 39, 12, 78, 64, 73, 2, 94, 61, 99, 56, 55, 40, 82, 28, 16, 90, 84, 51, 77, 1, 41, 87, 14, 18, 29, 8, 36, 34, 21, 60, 96, 3, 23, 25, 20, 74, 67, 47, 92, 63, 9, 76, 54, 46, 89, 80, 5, 31, 13, 15, 10, 26, 37, 7, 27, 33, 48, 68, 81, 86, 52, 44, 72, 62, 83, 32, 70, 22, 30, 97, 38, 43, 35, 75, 6, 95, 66, 49, 59, 100]
instance=126	infer_time= 0.971s	distance= 12.5717	path=[0, 19, 25, 70, 12, 57, 80, 17, 35, 8, 28, 33, 66, 18, 98, 1, 2, 21, 52, 58, 72, 96, 5, 11, 82, 54, 85, 89, 77, 22, 40, 74, 65, 51, 23, 86, 64, 53, 49, 94, 62, 75, 71, 84, 41, 4, 56, 48, 32, 59, 81, 9, 50, 29, 43, 67, 87, 38, 37, 78, 7, 36, 10, 91, 69, 42, 15, 13, 47, 46, 26, 68, 88, 20, 31, 95, 92, 14, 24, 61, 97, 60, 39, 27, 30, 16, 45, 76, 83, 44, 55, 73, 93, 6, 90, 79, 63, 99, 3, 34, 100]
instance=127	infer_time= 0.971s	distance=  9.1712	path=[0, 74, 69, 35, 26, 91, 84, 39, 60, 31, 79, 36, 46, 40, 87, 90, 97, 15, 66, 2, 44, 13, 95, 61, 42, 75, 88, 17, 64, 22, 78, 38, 11, 94, 86, 10, 23, 76, 59, 4, 93, 82, 43, 33, 29, 65, 67, 47, 49, 48, 34, 25, 27, 98, 70, 71, 83, 53, 9, 7, 54, 24, 56, 1, 28, 16, 81, 77, 89, 62, 30, 37, 32, 58, 72, 50, 73, 21, 99, 45, 85, 51, 55, 12, 14, 5, 52, 68, 57, 80, 3, 18, 8, 96, 20, 92, 63, 6, 19, 41, 100]
instance=128	infer_time= 0.968s	distance= 10.3393	path=[0, 5, 35, 89, 90, 71, 67, 83, 88, 41, 72, 75, 16, 10, 68, 14, 24, 37, 96, 9, 15, 6, 17, 95, 85, 38, 64, 76, 63, 53, 3, 78, 34, 91, 56, 97, 46, 22, 61, 43, 20, 8, 45, 19, 29, 59, 18, 12, 49, 30, 74, 7, 82, 31, 70, 28, 98, 73, 57, 99, 77, 2, 62, 65, 50, 69, 87, 4, 54, 27, 36, 21, 33, 23, 32, 44, 25, 66, 92, 47, 58, 1, 40, 26, 13, 84, 39, 51, 80, 94, 86, 93, 42, 48, 55, 52, 79, 81, 60, 11, 100]
Repeat 1 summary: total_infer=125.004s  total_dist=1373.7043  avg_infer=0.977s  avg_dist=10.7321

===================================
          5 次实验平均结果          
平均推理时间（单实例）: 0.977s
平均路径长度:           10.7321
===================================
