repeat_id	total_infer_time	total_distance	avg_infer_time	avg_distance

========== Repeat 1 ==========
instance=  1	infer_time= 1.837s	distance= 11.4730	path=[0, 62, 18, 39, 56, 36, 55, 95, 29, 27, 60, 81, 24, 43, 10, 0, 37, 53, 33, 77, 69, 11, 16, 9, 92, 38, 0, 63, 47, 93, 20, 59, 86, 32, 50, 6, 96, 73, 0, 85, 76, 66, 14, 79, 75, 41, 7, 45, 22, 87, 49, 30, 0, 48, 80, 67, 25, 42, 88, 99, 1, 72, 28, 65, 0, 78, 61, 23, 70, 44, 98, 97, 74, 71, 90, 5, 0, 3, 51, 57, 4, 8, 94, 17, 82, 21, 0, 40, 52, 54, 34, 89, 46, 91, 0, 64, 31, 58, 13, 26, 83, 2, 35, 0, 68, 100, 15, 19, 12, 84, 0]
instance=  2	infer_time= 1.122s	distance= 10.9847	path=[0, 44, 48, 24, 62, 7, 67, 2, 42, 69, 66, 26, 0, 87, 20, 27, 88, 82, 78, 71, 57, 80, 11, 86, 0, 54, 49, 58, 25, 60, 52, 53, 30, 10, 56, 0, 64, 68, 12, 92, 81, 38, 61, 46, 19, 1, 15, 76, 0, 43, 31, 59, 97, 35, 37, 100, 55, 13, 3, 4, 0, 39, 14, 91, 23, 16, 32, 5, 29, 65, 99, 17, 34, 0, 47, 90, 77, 83, 40, 84, 8, 94, 51, 98, 0, 70, 85, 95, 21, 72, 36, 45, 28, 89, 33, 6, 0, 41, 18, 63, 93, 50, 79, 22, 0, 75, 9, 74, 96, 73, 0]
instance=  3	infer_time= 1.113s	distance= 11.2699	path=[0, 83, 27, 43, 29, 87, 17, 55, 96, 66, 20, 0, 32, 65, 69, 1, 64, 80, 50, 82, 35, 26, 15, 0, 11, 91, 6, 90, 54, 88, 22, 52, 16, 12, 42, 0, 45, 94, 53, 34, 76, 72, 92, 99, 46, 95, 33, 0, 98, 23, 61, 67, 70, 40, 38, 75, 68, 44, 37, 100, 0, 77, 7, 8, 14, 3, 85, 2, 0, 10, 73, 19, 47, 4, 41, 97, 36, 84, 0, 25, 89, 74, 28, 13, 57, 49, 18, 60, 0, 48, 30, 86, 79, 63, 5, 58, 24, 21, 9, 59, 0, 81, 71, 62, 56, 93, 51, 39, 31, 78, 0]
instance=  4	infer_time= 1.102s	distance= 13.4662	path=[0, 93, 34, 31, 66, 92, 21, 45, 30, 22, 73, 16, 0, 32, 41, 33, 55, 20, 47, 11, 86, 1, 27, 51, 0, 62, 44, 98, 88, 87, 72, 57, 0, 7, 78, 39, 90, 69, 14, 24, 26, 38, 96, 0, 8, 12, 58, 99, 29, 9, 97, 52, 42, 56, 54, 2, 75, 85, 0, 63, 65, 82, 49, 81, 37, 35, 10, 0, 46, 59, 74, 19, 25, 94, 28, 6, 0, 61, 76, 70, 18, 3, 89, 64, 50, 17, 0, 80, 83, 36, 71, 40, 68, 95, 13, 100, 0, 5, 48, 15, 60, 4, 91, 77, 0, 43, 67, 53, 79, 84, 23, 0]
instance=  5	infer_time= 1.125s	distance= 14.9219	path=[0, 53, 48, 45, 91, 64, 61, 60, 12, 0, 86, 20, 33, 80, 46, 74, 96, 6, 5, 100, 0, 42, 7, 35, 67, 98, 78, 34, 14, 68, 4, 44, 97, 0, 50, 26, 13, 38, 28, 21, 2, 89, 79, 71, 8, 0, 62, 56, 11, 90, 23, 17, 43, 57, 22, 81, 82, 0, 36, 73, 27, 51, 69, 55, 47, 41, 95, 0, 3, 29, 93, 49, 30, 37, 0, 39, 18, 32, 84, 99, 70, 9, 25, 0, 88, 24, 58, 59, 19, 31, 92, 63, 66, 87, 0, 65, 10, 15, 16, 77, 52, 76, 54, 0, 72, 1, 75, 40, 83, 94, 85, 0]
instance=  6	infer_time= 1.106s	distance= 11.7590	path=[0, 65, 73, 97, 78, 26, 66, 49, 75, 90, 0, 19, 36, 8, 77, 43, 34, 79, 96, 84, 17, 1, 0, 4, 53, 64, 27, 22, 23, 50, 62, 89, 58, 13, 18, 37, 0, 51, 15, 48, 10, 95, 63, 99, 35, 59, 83, 74, 100, 87, 0, 67, 93, 82, 85, 68, 20, 16, 47, 28, 32, 0, 3, 80, 9, 5, 60, 39, 54, 91, 0, 92, 6, 29, 45, 24, 31, 88, 41, 61, 0, 86, 2, 81, 12, 55, 11, 57, 71, 94, 33, 0, 21, 98, 76, 40, 56, 72, 46, 52, 14, 0, 70, 42, 44, 38, 30, 7, 69, 25, 0]
instance=  7	infer_time= 1.119s	distance= 10.8322	path=[0, 52, 23, 15, 81, 86, 79, 25, 59, 62, 17, 42, 0, 9, 13, 6, 68, 21, 84, 29, 0, 47, 26, 38, 18, 92, 39, 95, 20, 96, 100, 44, 0, 60, 28, 53, 2, 37, 50, 48, 91, 8, 0, 1, 24, 90, 82, 30, 7, 5, 65, 73, 76, 55, 0, 16, 88, 97, 87, 83, 40, 46, 49, 0, 77, 31, 89, 54, 94, 58, 64, 63, 36, 0, 69, 32, 12, 67, 10, 35, 34, 61, 43, 0, 14, 51, 41, 66, 3, 78, 0, 99, 85, 4, 27, 72, 57, 22, 98, 71, 93, 74, 0, 70, 75, 33, 56, 45, 19, 80, 11, 0]
instance=  8	infer_time= 1.101s	distance= 13.0104	path=[0, 97, 40, 74, 94, 32, 68, 20, 96, 76, 75, 84, 0, 55, 73, 24, 60, 88, 82, 11, 71, 12, 46, 0, 72, 13, 27, 39, 59, 89, 18, 25, 53, 99, 41, 52, 57, 51, 21, 0, 70, 93, 37, 67, 65, 42, 8, 43, 44, 56, 0, 77, 16, 49, 34, 5, 14, 9, 19, 22, 78, 35, 0, 38, 10, 17, 66, 26, 47, 15, 79, 58, 0, 92, 30, 64, 33, 23, 48, 98, 1, 61, 36, 0, 69, 7, 100, 62, 63, 81, 28, 87, 0, 95, 31, 85, 91, 29, 2, 86, 45, 90, 80, 0, 83, 54, 4, 6, 50, 3, 0]
instance=  9	infer_time= 1.106s	distance= 14.1054	path=[0, 61, 14, 91, 94, 40, 5, 73, 30, 41, 6, 24, 0, 51, 9, 32, 44, 37, 83, 11, 50, 97, 88, 65, 45, 0, 18, 31, 52, 8, 69, 57, 39, 0, 64, 92, 36, 89, 48, 87, 72, 71, 66, 34, 0, 77, 16, 38, 54, 95, 12, 2, 49, 21, 0, 47, 28, 67, 58, 62, 79, 93, 53, 68, 85, 0, 74, 20, 56, 4, 10, 1, 42, 82, 0, 80, 7, 19, 84, 22, 55, 59, 27, 17, 15, 0, 76, 78, 60, 70, 29, 75, 86, 46, 0, 96, 3, 13, 98, 26, 25, 35, 0, 100, 90, 81, 63, 43, 33, 99, 23, 0]
instance= 10	infer_time= 1.114s	distance= 12.9153	path=[0, 51, 77, 23, 8, 61, 53, 79, 69, 44, 0, 24, 20, 18, 60, 80, 92, 22, 81, 36, 84, 0, 64, 41, 12, 56, 31, 10, 99, 73, 95, 37, 0, 71, 15, 50, 66, 47, 78, 55, 25, 29, 100, 11, 83, 0, 28, 4, 33, 26, 74, 54, 58, 35, 97, 16, 9, 82, 17, 67, 0, 45, 88, 5, 75, 93, 85, 76, 63, 57, 0, 19, 49, 94, 98, 2, 59, 86, 65, 0, 46, 14, 87, 30, 1, 13, 48, 0, 38, 52, 27, 42, 70, 72, 3, 6, 0, 91, 21, 43, 68, 62, 90, 7, 34, 40, 39, 89, 32, 0, 96, 0]
instance= 11	infer_time= 1.109s	distance= 12.6199	path=[0, 66, 20, 32, 19, 99, 17, 81, 83, 57, 62, 0, 39, 64, 23, 75, 63, 70, 74, 69, 85, 46, 49, 13, 0, 76, 93, 7, 27, 90, 22, 21, 95, 43, 0, 26, 16, 71, 61, 36, 77, 29, 72, 82, 97, 6, 0, 100, 73, 87, 86, 67, 15, 55, 24, 45, 65, 0, 25, 38, 78, 2, 88, 94, 60, 5, 98, 68, 9, 8, 0, 37, 51, 48, 59, 12, 31, 40, 50, 91, 10, 0, 92, 34, 79, 11, 44, 28, 1, 54, 58, 30, 0, 35, 18, 47, 14, 4, 56, 33, 3, 0, 53, 42, 96, 52, 41, 89, 84, 80, 0]
instance= 12	infer_time= 1.125s	distance= 10.9132	path=[0, 21, 99, 36, 12, 43, 66, 50, 75, 97, 0, 14, 62, 30, 33, 81, 17, 72, 93, 38, 61, 4, 25, 60, 0, 51, 22, 59, 37, 31, 46, 1, 9, 6, 68, 78, 0, 11, 84, 55, 85, 95, 52, 32, 45, 73, 0, 3, 10, 67, 91, 69, 42, 7, 54, 15, 0, 13, 71, 48, 23, 58, 20, 26, 35, 94, 0, 49, 79, 74, 19, 29, 16, 27, 47, 0, 63, 96, 80, 98, 57, 86, 8, 77, 53, 0, 24, 88, 92, 65, 18, 44, 87, 5, 0, 83, 39, 90, 82, 34, 100, 56, 64, 0, 70, 28, 89, 2, 41, 40, 76, 0]
instance= 13	infer_time= 1.108s	distance= 11.1511	path=[0, 81, 80, 96, 8, 13, 75, 29, 83, 14, 98, 34, 0, 23, 46, 87, 70, 49, 24, 9, 61, 18, 48, 67, 0, 43, 88, 100, 16, 25, 58, 30, 38, 32, 78, 15, 0, 94, 26, 72, 40, 35, 27, 53, 52, 68, 74, 1, 84, 5, 0, 79, 77, 60, 22, 97, 41, 51, 73, 85, 36, 59, 0, 57, 55, 45, 95, 91, 90, 93, 86, 12, 0, 89, 47, 20, 31, 99, 33, 76, 11, 2, 0, 63, 7, 56, 28, 64, 4, 44, 0, 37, 19, 3, 65, 39, 17, 69, 0, 6, 66, 82, 50, 92, 54, 21, 62, 0, 71, 10, 42, 0]
instance= 14	infer_time= 1.112s	distance= 12.1548	path=[0, 57, 70, 76, 38, 66, 79, 27, 97, 84, 44, 0, 41, 24, 28, 56, 54, 18, 71, 21, 73, 63, 12, 0, 11, 99, 80, 100, 32, 35, 39, 85, 7, 37, 96, 49, 0, 47, 82, 46, 10, 26, 20, 36, 95, 33, 62, 0, 14, 43, 89, 3, 9, 17, 68, 75, 0, 8, 48, 58, 67, 1, 23, 16, 52, 83, 74, 53, 0, 77, 25, 81, 19, 72, 4, 69, 2, 40, 64, 0, 91, 90, 55, 94, 6, 50, 78, 30, 0, 45, 98, 29, 22, 51, 93, 60, 87, 61, 0, 34, 42, 65, 59, 86, 0, 15, 88, 13, 92, 5, 31, 0]
instance= 15	infer_time= 1.102s	distance= 12.5236	path=[0, 74, 42, 24, 64, 20, 67, 45, 96, 0, 8, 90, 68, 92, 40, 39, 16, 30, 54, 0, 61, 63, 37, 100, 55, 70, 75, 43, 0, 12, 14, 88, 18, 48, 21, 1, 13, 77, 0, 56, 79, 29, 6, 57, 51, 41, 10, 95, 0, 27, 28, 72, 69, 9, 44, 86, 71, 34, 19, 7, 62, 0, 59, 66, 25, 31, 98, 11, 22, 85, 26, 0, 78, 58, 97, 50, 49, 15, 5, 17, 94, 0, 4, 36, 3, 81, 93, 65, 60, 47, 0, 76, 52, 83, 89, 2, 87, 84, 0, 35, 80, 53, 38, 91, 73, 82, 0, 23, 46, 32, 99, 33, 0]
instance= 16	infer_time= 1.110s	distance= 13.5751	path=[0, 24, 2, 42, 50, 65, 58, 49, 47, 95, 60, 0, 37, 75, 41, 88, 30, 46, 40, 7, 11, 90, 80, 0, 6, 13, 82, 21, 34, 100, 45, 87, 15, 84, 59, 0, 23, 44, 17, 76, 31, 73, 12, 79, 3, 74, 0, 10, 86, 64, 33, 52, 14, 93, 8, 71, 63, 0, 66, 22, 18, 68, 48, 54, 56, 70, 28, 0, 29, 85, 35, 5, 94, 25, 51, 57, 16, 55, 53, 0, 78, 89, 38, 39, 20, 1, 0, 36, 92, 98, 4, 77, 72, 97, 32, 91, 0, 83, 69, 96, 43, 99, 19, 61, 67, 26, 81, 0, 27, 62, 9, 0]
instance= 17	infer_time= 1.113s	distance= 11.6559	path=[0, 51, 21, 70, 66, 90, 59, 83, 32, 28, 42, 53, 46, 0, 4, 75, 100, 79, 12, 88, 10, 38, 73, 63, 31, 24, 30, 33, 0, 95, 97, 94, 34, 76, 1, 80, 78, 35, 0, 9, 62, 91, 52, 72, 84, 77, 7, 71, 5, 92, 22, 0, 20, 56, 37, 89, 2, 54, 99, 40, 23, 47, 50, 0, 49, 8, 81, 82, 68, 65, 93, 13, 86, 98, 18, 36, 0, 45, 15, 41, 60, 27, 26, 16, 14, 61, 6, 0, 25, 17, 57, 39, 3, 96, 69, 87, 0, 85, 74, 55, 58, 19, 64, 48, 11, 67, 0, 29, 43, 44, 0]
instance= 18	infer_time= 1.096s	distance= 14.1233	path=[0, 86, 63, 51, 43, 71, 67, 42, 8, 96, 91, 98, 0, 54, 79, 82, 83, 88, 18, 77, 9, 87, 97, 0, 22, 19, 92, 58, 25, 75, 76, 7, 17, 0, 21, 62, 68, 78, 12, 66, 59, 15, 55, 60, 29, 56, 0, 32, 39, 41, 94, 53, 26, 27, 47, 61, 0, 99, 52, 46, 20, 49, 90, 81, 38, 10, 0, 93, 14, 3, 4, 11, 33, 100, 13, 45, 69, 0, 30, 5, 40, 50, 31, 34, 80, 0, 74, 57, 16, 70, 37, 84, 72, 95, 0, 36, 23, 1, 24, 89, 28, 73, 85, 64, 0, 35, 2, 44, 65, 48, 6, 0]
instance= 19	infer_time= 1.103s	distance=  9.6494	path=[0, 89, 19, 45, 93, 61, 27, 13, 18, 24, 0, 36, 97, 98, 49, 57, 55, 14, 25, 82, 66, 60, 95, 0, 54, 9, 51, 88, 90, 6, 79, 46, 76, 34, 99, 21, 10, 91, 75, 0, 11, 33, 32, 50, 72, 1, 17, 37, 16, 47, 96, 44, 0, 52, 64, 23, 85, 4, 40, 71, 35, 65, 12, 41, 0, 29, 70, 68, 77, 59, 30, 78, 56, 22, 73, 26, 0, 5, 87, 42, 100, 74, 58, 48, 53, 2, 62, 8, 67, 0, 7, 3, 31, 86, 81, 84, 39, 92, 94, 0, 63, 15, 28, 38, 69, 80, 83, 0, 20, 43, 0]
instance= 20	infer_time= 1.097s	distance= 11.9464	path=[0, 70, 61, 36, 7, 72, 97, 38, 98, 31, 0, 39, 59, 95, 42, 10, 73, 83, 47, 43, 75, 84, 48, 0, 67, 23, 50, 86, 87, 66, 17, 58, 15, 5, 24, 54, 0, 93, 33, 69, 1, 94, 3, 34, 14, 81, 26, 0, 30, 49, 89, 11, 76, 27, 71, 29, 20, 88, 13, 0, 37, 40, 12, 45, 79, 57, 90, 63, 18, 28, 77, 62, 21, 52, 0, 55, 78, 68, 35, 60, 64, 92, 2, 74, 16, 96, 0, 100, 4, 80, 85, 41, 99, 0, 44, 25, 19, 9, 6, 56, 8, 91, 51, 22, 0, 32, 46, 53, 65, 82, 0]
instance= 21	infer_time= 1.113s	distance= 13.7243	path=[0, 59, 28, 31, 38, 9, 76, 27, 82, 68, 0, 15, 47, 29, 69, 96, 84, 17, 53, 33, 78, 26, 3, 0, 97, 44, 8, 48, 70, 64, 86, 46, 88, 95, 20, 0, 36, 32, 49, 40, 73, 16, 72, 1, 77, 0, 58, 24, 74, 4, 99, 85, 18, 75, 12, 37, 62, 2, 0, 71, 57, 56, 98, 83, 63, 91, 94, 39, 0, 14, 67, 87, 100, 23, 7, 43, 66, 89, 50, 0, 81, 65, 80, 35, 60, 52, 11, 5, 0, 79, 55, 45, 61, 42, 51, 25, 13, 6, 0, 54, 41, 93, 90, 34, 30, 21, 19, 0, 10, 22, 92, 0]
instance= 22	infer_time= 1.096s	distance= 14.6978	path=[0, 97, 17, 58, 63, 52, 67, 16, 30, 96, 10, 0, 39, 98, 88, 53, 84, 55, 80, 3, 89, 35, 33, 0, 50, 56, 79, 12, 41, 69, 83, 36, 1, 43, 40, 0, 49, 71, 59, 14, 68, 8, 82, 29, 38, 94, 28, 26, 0, 74, 66, 25, 81, 44, 37, 13, 5, 99, 85, 0, 64, 47, 60, 18, 92, 6, 87, 91, 86, 78, 95, 0, 90, 72, 24, 22, 75, 34, 54, 11, 93, 7, 0, 51, 9, 48, 31, 23, 70, 45, 42, 73, 76, 21, 27, 0, 2, 4, 100, 20, 46, 15, 65, 57, 0, 61, 62, 32, 19, 77, 0]
instance= 23	infer_time= 1.104s	distance= 12.5987	path=[0, 84, 97, 26, 41, 53, 88, 78, 44, 29, 92, 66, 54, 0, 79, 57, 72, 45, 59, 12, 55, 75, 83, 60, 27, 61, 15, 74, 35, 90, 67, 40, 76, 0, 98, 70, 31, 68, 80, 30, 49, 65, 39, 58, 24, 0, 87, 21, 71, 91, 6, 100, 25, 77, 34, 5, 96, 0, 10, 52, 4, 93, 64, 18, 36, 32, 47, 22, 11, 20, 0, 95, 38, 94, 16, 89, 33, 43, 62, 51, 0, 3, 8, 19, 1, 50, 9, 28, 63, 13, 7, 82, 0, 46, 81, 2, 14, 42, 85, 73, 69, 0, 56, 37, 23, 86, 99, 48, 17, 0]
instance= 24	infer_time= 1.114s	distance= 10.8365	path=[0, 52, 61, 35, 8, 26, 94, 3, 14, 5, 30, 60, 17, 59, 0, 88, 90, 49, 83, 82, 96, 79, 27, 50, 23, 0, 95, 16, 98, 75, 31, 24, 28, 22, 67, 11, 46, 0, 56, 68, 41, 64, 86, 69, 63, 97, 38, 36, 40, 0, 71, 78, 91, 32, 20, 18, 39, 53, 0, 100, 85, 12, 45, 84, 72, 4, 51, 43, 19, 73, 70, 0, 2, 89, 15, 33, 47, 54, 87, 58, 55, 57, 21, 34, 29, 25, 0, 81, 76, 62, 42, 37, 93, 66, 48, 77, 9, 0, 7, 10, 13, 6, 1, 92, 99, 65, 0, 74, 80, 44, 0]
instance= 25	infer_time= 1.111s	distance= 13.8875	path=[0, 70, 6, 97, 77, 25, 98, 18, 61, 94, 12, 0, 52, 79, 33, 68, 76, 56, 89, 40, 26, 0, 46, 99, 63, 35, 43, 21, 92, 17, 51, 54, 7, 0, 84, 78, 20, 69, 60, 42, 32, 48, 5, 0, 30, 19, 93, 100, 85, 28, 67, 15, 57, 0, 55, 4, 10, 73, 88, 13, 80, 47, 96, 58, 0, 2, 41, 81, 29, 64, 66, 3, 71, 0, 50, 23, 74, 95, 90, 27, 59, 44, 37, 39, 9, 0, 22, 24, 45, 49, 34, 1, 83, 62, 11, 0, 16, 38, 31, 87, 82, 75, 91, 65, 8, 0, 14, 36, 72, 53, 86, 0]
instance= 26	infer_time= 1.123s	distance= 12.7507	path=[0, 69, 60, 82, 26, 1, 8, 86, 83, 13, 33, 71, 93, 0, 67, 40, 20, 52, 85, 6, 92, 31, 11, 77, 32, 0, 53, 41, 37, 80, 64, 16, 89, 59, 0, 88, 98, 50, 79, 24, 35, 54, 65, 22, 0, 66, 2, 14, 18, 28, 12, 76, 90, 3, 68, 57, 17, 43, 0, 95, 47, 73, 38, 63, 9, 44, 0, 42, 62, 56, 4, 99, 94, 91, 25, 78, 49, 23, 61, 15, 0, 5, 72, 19, 51, 27, 81, 7, 34, 55, 0, 87, 46, 48, 97, 39, 21, 29, 0, 100, 36, 70, 45, 10, 84, 75, 74, 30, 58, 96, 0]
instance= 27	infer_time= 1.110s	distance= 13.4997	path=[0, 12, 6, 81, 60, 1, 45, 39, 75, 91, 42, 0, 3, 49, 92, 37, 30, 5, 24, 56, 98, 38, 94, 0, 88, 96, 76, 59, 25, 41, 63, 10, 0, 82, 46, 95, 28, 48, 17, 53, 62, 68, 8, 7, 0, 21, 78, 18, 13, 9, 44, 40, 58, 0, 97, 34, 51, 83, 77, 90, 11, 70, 65, 0, 57, 19, 100, 89, 20, 86, 73, 36, 52, 47, 64, 43, 16, 2, 80, 0, 69, 87, 85, 14, 66, 84, 54, 15, 29, 67, 0, 23, 50, 27, 61, 35, 31, 93, 74, 32, 71, 99, 72, 0, 4, 22, 26, 33, 55, 79, 0]
instance= 28	infer_time= 1.107s	distance= 10.1092	path=[0, 62, 17, 61, 82, 59, 88, 54, 42, 21, 86, 68, 0, 15, 94, 98, 52, 75, 87, 80, 50, 93, 67, 0, 51, 31, 92, 32, 18, 45, 81, 14, 5, 77, 39, 66, 16, 0, 43, 53, 38, 83, 34, 76, 90, 49, 56, 99, 27, 0, 70, 57, 46, 55, 29, 33, 100, 19, 84, 24, 0, 6, 60, 95, 91, 35, 73, 30, 3, 10, 12, 7, 89, 64, 0, 48, 63, 9, 20, 8, 2, 79, 69, 65, 78, 0, 85, 41, 37, 13, 96, 25, 47, 36, 71, 4, 22, 72, 0, 74, 97, 44, 23, 28, 11, 0, 58, 1, 26, 40, 0]
instance= 29	infer_time= 1.110s	distance= 12.7398	path=[0, 29, 39, 79, 62, 49, 75, 22, 53, 42, 30, 0, 85, 50, 97, 5, 54, 59, 38, 48, 45, 40, 28, 56, 89, 0, 4, 99, 76, 83, 7, 14, 100, 72, 0, 35, 92, 60, 68, 10, 20, 67, 71, 0, 43, 65, 70, 51, 80, 17, 61, 36, 95, 0, 81, 23, 37, 86, 84, 33, 32, 77, 34, 0, 16, 58, 19, 27, 82, 55, 1, 88, 90, 69, 94, 12, 0, 6, 13, 78, 64, 73, 44, 15, 0, 47, 3, 24, 93, 98, 8, 26, 11, 91, 0, 25, 2, 74, 46, 57, 18, 66, 0, 21, 31, 87, 52, 9, 96, 63, 41, 0]
instance= 30	infer_time= 1.115s	distance= 13.2150	path=[0, 88, 45, 9, 27, 33, 19, 31, 82, 47, 71, 0, 21, 89, 8, 22, 100, 54, 4, 97, 20, 39, 63, 0, 59, 26, 76, 14, 79, 24, 84, 94, 52, 0, 70, 41, 35, 74, 44, 25, 43, 93, 23, 48, 0, 75, 80, 69, 32, 55, 29, 92, 37, 15, 10, 38, 0, 34, 51, 50, 65, 90, 73, 53, 16, 5, 6, 7, 85, 0, 58, 40, 36, 62, 2, 18, 66, 67, 86, 42, 0, 81, 12, 72, 64, 68, 1, 99, 0, 87, 96, 83, 46, 17, 13, 77, 98, 28, 0, 57, 30, 78, 61, 95, 11, 91, 0, 60, 49, 3, 56, 0]
instance= 31	infer_time= 1.125s	distance=  9.9162	path=[0, 20, 6, 15, 95, 40, 18, 1, 54, 7, 77, 65, 24, 76, 16, 53, 0, 4, 79, 90, 56, 10, 74, 58, 45, 46, 0, 80, 60, 84, 86, 32, 93, 33, 38, 0, 28, 19, 75, 35, 63, 34, 42, 2, 9, 0, 69, 26, 50, 82, 66, 27, 97, 68, 30, 47, 0, 39, 36, 48, 51, 57, 5, 3, 17, 98, 14, 21, 0, 91, 11, 64, 92, 52, 85, 13, 23, 61, 55, 59, 94, 0, 62, 31, 12, 70, 88, 37, 89, 41, 49, 43, 0, 83, 71, 81, 67, 22, 25, 96, 73, 99, 8, 44, 0, 87, 72, 29, 78, 100, 0]
instance= 32	infer_time= 1.107s	distance= 10.9537	path=[0, 42, 80, 27, 78, 67, 3, 2, 89, 34, 58, 5, 11, 56, 63, 0, 15, 61, 51, 37, 62, 46, 84, 28, 0, 60, 25, 83, 20, 48, 74, 16, 43, 0, 75, 10, 54, 98, 22, 68, 39, 30, 12, 17, 36, 0, 35, 96, 82, 88, 55, 90, 40, 95, 66, 18, 76, 0, 9, 47, 81, 4, 50, 70, 32, 64, 0, 19, 23, 8, 44, 100, 41, 24, 69, 87, 26, 0, 85, 72, 38, 45, 77, 86, 31, 7, 59, 0, 53, 65, 73, 92, 1, 71, 33, 97, 0, 99, 94, 13, 49, 91, 52, 21, 57, 0, 14, 29, 6, 79, 93, 0]
instance= 33	infer_time= 1.134s	distance= 12.1697	path=[0, 13, 48, 85, 100, 69, 32, 39, 82, 0, 18, 75, 4, 15, 56, 50, 41, 71, 93, 76, 10, 22, 40, 0, 80, 12, 37, 11, 94, 66, 28, 17, 20, 51, 0, 8, 33, 73, 31, 5, 74, 99, 2, 46, 65, 88, 0, 16, 97, 98, 63, 54, 38, 91, 24, 84, 87, 43, 96, 0, 57, 95, 60, 68, 67, 25, 78, 72, 70, 64, 35, 52, 0, 77, 44, 92, 45, 83, 36, 26, 47, 0, 19, 59, 9, 58, 27, 81, 55, 0, 30, 53, 62, 34, 7, 89, 42, 14, 61, 0, 29, 1, 90, 21, 79, 86, 0, 6, 23, 3, 49, 0]
instance= 34	infer_time= 1.109s	distance= 11.9441	path=[0, 75, 53, 19, 68, 94, 99, 57, 35, 95, 54, 7, 0, 89, 90, 76, 100, 38, 31, 34, 93, 21, 62, 91, 0, 36, 66, 47, 4, 97, 69, 65, 20, 77, 0, 32, 72, 28, 39, 86, 49, 15, 25, 60, 0, 71, 74, 22, 81, 63, 73, 43, 96, 33, 79, 55, 0, 40, 13, 16, 56, 64, 24, 58, 70, 29, 37, 0, 87, 6, 50, 3, 23, 2, 46, 92, 17, 41, 42, 0, 88, 9, 12, 45, 11, 78, 67, 1, 0, 26, 44, 18, 48, 59, 27, 61, 10, 98, 14, 82, 0, 85, 8, 5, 83, 51, 84, 30, 52, 80, 0]
instance= 35	infer_time= 1.109s	distance= 10.2533	path=[0, 75, 54, 4, 64, 77, 58, 6, 21, 37, 67, 87, 81, 0, 80, 33, 27, 31, 86, 84, 14, 100, 47, 49, 5, 15, 0, 13, 11, 43, 2, 89, 78, 39, 93, 0, 60, 62, 18, 71, 59, 36, 61, 90, 66, 38, 17, 0, 98, 97, 7, 53, 23, 41, 56, 65, 16, 55, 0, 28, 29, 83, 82, 63, 10, 96, 45, 40, 48, 0, 57, 91, 32, 9, 35, 51, 70, 44, 26, 0, 30, 99, 42, 25, 50, 46, 69, 68, 22, 76, 88, 0, 34, 1, 73, 52, 24, 95, 79, 72, 0, 3, 94, 85, 8, 74, 19, 0, 20, 92, 12, 0]
instance= 36	infer_time= 1.108s	distance= 12.6235	path=[0, 95, 40, 35, 100, 26, 57, 62, 85, 51, 45, 31, 88, 2, 54, 0, 4, 49, 75, 42, 87, 23, 47, 52, 17, 1, 0, 66, 27, 94, 63, 28, 36, 73, 80, 90, 34, 0, 24, 25, 71, 98, 14, 29, 67, 0, 69, 19, 48, 56, 41, 55, 43, 61, 11, 86, 10, 21, 0, 39, 60, 97, 32, 30, 37, 59, 44, 83, 46, 68, 0, 72, 65, 3, 64, 20, 77, 92, 93, 16, 70, 0, 53, 81, 13, 79, 50, 96, 15, 0, 22, 78, 12, 82, 6, 5, 0, 76, 8, 18, 74, 91, 38, 89, 99, 0, 33, 84, 9, 7, 58, 0]
instance= 37	infer_time= 1.108s	distance= 12.0196	path=[0, 76, 69, 68, 49, 83, 78, 43, 67, 59, 19, 0, 5, 98, 28, 93, 40, 46, 55, 34, 54, 57, 60, 81, 72, 0, 48, 96, 73, 63, 100, 35, 53, 62, 25, 88, 66, 80, 70, 0, 41, 61, 27, 24, 94, 84, 9, 44, 58, 74, 12, 0, 95, 8, 22, 82, 16, 97, 36, 37, 33, 45, 89, 0, 3, 23, 65, 51, 21, 71, 85, 38, 0, 64, 10, 31, 6, 26, 1, 56, 75, 13, 0, 15, 11, 14, 47, 42, 18, 92, 30, 32, 20, 90, 4, 0, 99, 29, 87, 79, 2, 7, 91, 52, 50, 0, 86, 39, 77, 17, 0]
instance= 38	infer_time= 1.092s	distance=  9.9246	path=[0, 87, 3, 94, 38, 65, 96, 84, 99, 74, 6, 0, 42, 17, 92, 64, 73, 18, 53, 45, 100, 51, 20, 0, 79, 12, 52, 2, 54, 62, 60, 14, 28, 0, 26, 78, 40, 41, 68, 39, 59, 44, 27, 22, 81, 82, 8, 77, 0, 46, 70, 36, 32, 48, 16, 63, 91, 61, 24, 43, 0, 19, 31, 4, 75, 35, 21, 69, 76, 93, 56, 58, 25, 0, 71, 15, 88, 30, 23, 7, 80, 9, 90, 0, 67, 33, 47, 55, 89, 50, 5, 29, 13, 10, 86, 37, 0, 95, 98, 49, 34, 85, 97, 72, 66, 1, 0, 83, 57, 11, 0]
instance= 39	infer_time= 1.089s	distance= 11.6936	path=[0, 91, 45, 5, 90, 95, 51, 49, 20, 56, 84, 0, 3, 82, 81, 83, 25, 38, 29, 77, 2, 59, 46, 0, 50, 86, 37, 8, 34, 69, 78, 15, 41, 35, 76, 0, 73, 9, 48, 22, 16, 93, 88, 85, 58, 92, 0, 94, 32, 100, 47, 54, 44, 98, 68, 64, 0, 97, 67, 99, 79, 43, 31, 11, 53, 24, 0, 26, 7, 28, 40, 39, 70, 63, 72, 19, 0, 17, 12, 87, 80, 75, 4, 27, 10, 42, 13, 21, 96, 74, 0, 71, 62, 30, 14, 18, 52, 57, 61, 0, 36, 66, 6, 55, 89, 1, 60, 33, 23, 65, 0]
instance= 40	infer_time= 1.095s	distance= 13.3191	path=[0, 1, 65, 95, 15, 66, 47, 39, 41, 90, 0, 11, 75, 91, 74, 86, 34, 55, 36, 78, 50, 10, 82, 17, 9, 84, 0, 92, 21, 77, 51, 96, 30, 45, 0, 81, 61, 56, 73, 48, 40, 20, 94, 59, 99, 22, 67, 0, 31, 23, 12, 57, 46, 28, 70, 89, 5, 0, 60, 79, 98, 52, 43, 64, 76, 0, 26, 69, 4, 14, 100, 33, 54, 0, 6, 62, 49, 44, 35, 85, 72, 93, 63, 19, 71, 68, 0, 16, 80, 29, 83, 32, 3, 25, 0, 18, 88, 53, 8, 38, 97, 2, 0, 7, 13, 27, 42, 37, 24, 87, 58, 0]
instance= 41	infer_time= 1.101s	distance= 14.6636	path=[0, 18, 31, 45, 17, 77, 9, 86, 73, 83, 92, 20, 0, 34, 66, 32, 81, 26, 76, 69, 33, 5, 55, 68, 0, 47, 29, 71, 80, 60, 75, 21, 23, 0, 64, 99, 19, 63, 82, 25, 11, 74, 56, 36, 48, 0, 59, 46, 53, 44, 1, 13, 61, 43, 79, 16, 35, 87, 49, 0, 57, 58, 40, 39, 65, 72, 27, 96, 100, 0, 10, 8, 89, 70, 94, 3, 30, 22, 51, 67, 0, 12, 97, 54, 52, 90, 38, 84, 15, 95, 0, 41, 24, 93, 91, 85, 88, 42, 6, 0, 78, 14, 98, 62, 2, 50, 4, 7, 28, 0, 37, 0]
instance= 42	infer_time= 1.091s	distance= 14.4662	path=[0, 35, 57, 53, 96, 72, 70, 29, 85, 99, 40, 92, 0, 1, 23, 36, 7, 17, 41, 2, 95, 58, 38, 25, 0, 84, 65, 13, 39, 50, 14, 66, 62, 33, 69, 56, 42, 28, 0, 10, 44, 59, 16, 51, 94, 86, 12, 88, 52, 30, 0, 61, 24, 47, 78, 93, 6, 71, 76, 87, 0, 15, 46, 75, 67, 83, 98, 89, 55, 0, 82, 34, 5, 18, 64, 26, 19, 11, 3, 20, 97, 63, 77, 49, 0, 79, 73, 43, 31, 27, 80, 100, 91, 4, 0, 54, 37, 68, 21, 81, 22, 60, 48, 90, 0, 45, 9, 8, 32, 74, 0]
instance= 43	infer_time= 1.104s	distance= 14.2347	path=[0, 35, 25, 28, 71, 14, 53, 29, 60, 91, 0, 12, 97, 47, 27, 76, 33, 37, 3, 2, 44, 62, 0, 43, 16, 36, 4, 13, 81, 73, 21, 51, 94, 0, 83, 40, 10, 61, 75, 96, 82, 26, 85, 88, 0, 70, 31, 22, 8, 19, 34, 58, 80, 41, 52, 18, 0, 23, 74, 84, 66, 6, 86, 42, 79, 95, 63, 89, 77, 0, 64, 20, 38, 57, 46, 9, 7, 92, 0, 78, 15, 54, 65, 48, 93, 1, 0, 11, 30, 98, 90, 45, 55, 56, 87, 49, 0, 69, 100, 5, 99, 59, 72, 17, 32, 68, 0, 67, 50, 39, 24, 0]
instance= 44	infer_time= 1.090s	distance= 11.4791	path=[0, 28, 14, 49, 29, 90, 39, 70, 97, 11, 62, 0, 72, 25, 44, 59, 37, 68, 45, 42, 65, 2, 0, 76, 4, 66, 1, 85, 16, 51, 47, 12, 91, 93, 0, 10, 57, 38, 46, 56, 67, 61, 80, 82, 53, 99, 69, 26, 100, 50, 5, 0, 41, 22, 88, 84, 55, 31, 9, 92, 13, 71, 0, 6, 32, 79, 7, 83, 33, 34, 78, 18, 0, 27, 43, 35, 15, 40, 64, 21, 94, 23, 75, 63, 0, 20, 77, 19, 48, 30, 36, 98, 3, 58, 17, 8, 74, 0, 95, 89, 81, 73, 54, 60, 0, 52, 96, 24, 87, 86, 0]
instance= 45	infer_time= 1.091s	distance= 12.8688	path=[0, 79, 4, 36, 21, 83, 3, 51, 5, 95, 45, 70, 38, 0, 71, 69, 27, 86, 17, 24, 74, 41, 15, 72, 0, 37, 56, 64, 82, 23, 89, 31, 44, 7, 0, 20, 75, 42, 33, 61, 2, 49, 14, 35, 0, 96, 87, 34, 77, 100, 50, 66, 78, 10, 6, 0, 11, 62, 81, 55, 53, 67, 76, 94, 73, 0, 54, 22, 65, 93, 97, 68, 39, 43, 12, 0, 29, 63, 98, 13, 57, 46, 40, 85, 9, 8, 25, 0, 32, 28, 91, 90, 59, 92, 30, 88, 0, 16, 84, 19, 48, 80, 1, 47, 52, 0, 99, 58, 26, 18, 60, 0]
instance= 46	infer_time= 1.098s	distance= 11.6584	path=[0, 49, 52, 21, 44, 51, 96, 90, 75, 34, 40, 0, 84, 89, 9, 31, 32, 55, 100, 29, 92, 10, 83, 81, 0, 74, 77, 28, 72, 98, 3, 30, 4, 78, 86, 0, 93, 14, 61, 56, 43, 57, 50, 67, 79, 0, 47, 8, 62, 80, 65, 26, 63, 7, 27, 95, 64, 68, 58, 0, 88, 39, 19, 17, 48, 91, 23, 0, 42, 53, 18, 33, 5, 38, 45, 0, 24, 36, 6, 97, 15, 66, 1, 59, 35, 0, 25, 22, 11, 16, 76, 60, 13, 99, 82, 54, 0, 37, 85, 70, 12, 87, 2, 41, 69, 73, 20, 46, 0, 71, 94, 0]
instance= 47	infer_time= 1.092s	distance= 12.7213	path=[0, 66, 63, 7, 74, 55, 30, 59, 11, 36, 29, 83, 23, 0, 67, 77, 10, 45, 90, 50, 54, 27, 64, 47, 79, 40, 0, 8, 95, 4, 48, 97, 18, 6, 32, 0, 61, 51, 96, 34, 92, 21, 98, 73, 15, 0, 57, 70, 42, 60, 46, 37, 84, 68, 72, 76, 31, 9, 0, 3, 25, 71, 99, 39, 12, 41, 16, 19, 0, 43, 52, 86, 14, 1, 85, 35, 100, 82, 93, 5, 0, 22, 65, 13, 38, 44, 88, 75, 26, 69, 24, 0, 87, 53, 20, 80, 62, 91, 0, 33, 2, 94, 89, 49, 0, 56, 28, 81, 58, 78, 17, 0]
instance= 48	infer_time= 1.089s	distance= 10.8528	path=[0, 66, 38, 20, 92, 35, 86, 22, 26, 21, 69, 4, 0, 75, 44, 50, 45, 73, 94, 30, 53, 0, 95, 18, 34, 93, 100, 78, 46, 72, 82, 23, 39, 0, 47, 2, 56, 62, 52, 90, 63, 68, 88, 0, 25, 70, 6, 54, 11, 99, 98, 36, 9, 0, 32, 64, 48, 81, 37, 43, 85, 55, 29, 0, 17, 58, 51, 15, 67, 40, 8, 41, 28, 19, 1, 60, 0, 84, 65, 24, 57, 3, 79, 71, 0, 5, 12, 31, 91, 33, 13, 49, 42, 89, 0, 14, 83, 76, 74, 59, 87, 77, 0, 61, 16, 27, 80, 97, 96, 10, 7, 0]
instance= 49	infer_time= 1.089s	distance= 14.9695	path=[0, 73, 31, 20, 35, 65, 46, 36, 14, 0, 71, 83, 59, 69, 62, 89, 66, 84, 72, 63, 11, 4, 0, 23, 54, 48, 76, 15, 33, 99, 47, 19, 42, 1, 3, 37, 16, 78, 0, 38, 27, 28, 77, 100, 70, 39, 5, 43, 51, 68, 75, 0, 53, 85, 98, 56, 44, 30, 87, 79, 86, 21, 88, 90, 10, 0, 9, 13, 52, 93, 17, 22, 6, 97, 0, 29, 34, 32, 91, 60, 26, 12, 74, 40, 49, 0, 7, 55, 18, 95, 57, 92, 2, 64, 45, 0, 81, 25, 94, 61, 8, 82, 0, 80, 41, 58, 24, 50, 96, 67, 0]
instance= 50	infer_time= 1.082s	distance= 13.2006	path=[0, 19, 93, 95, 11, 77, 38, 24, 68, 79, 42, 20, 0, 39, 100, 29, 4, 74, 16, 71, 13, 21, 0, 98, 56, 15, 23, 31, 60, 58, 50, 97, 88, 76, 0, 94, 66, 55, 52, 73, 37, 84, 49, 61, 75, 5, 6, 0, 85, 2, 17, 34, 7, 63, 99, 54, 70, 57, 8, 0, 48, 87, 1, 14, 28, 80, 96, 51, 30, 12, 65, 0, 18, 25, 92, 33, 78, 44, 91, 67, 3, 26, 0, 53, 86, 69, 9, 35, 22, 45, 43, 83, 36, 0, 64, 59, 72, 41, 32, 46, 62, 89, 0, 82, 90, 47, 81, 10, 40, 27, 0]
instance= 51	infer_time= 1.090s	distance= 15.2977	path=[0, 19, 90, 12, 69, 62, 9, 66, 25, 21, 22, 17, 92, 49, 0, 76, 46, 20, 7, 97, 24, 2, 5, 73, 70, 0, 98, 96, 68, 33, 83, 1, 30, 71, 32, 8, 55, 43, 50, 0, 23, 52, 47, 75, 13, 78, 91, 39, 60, 64, 0, 11, 87, 80, 42, 100, 74, 4, 0, 81, 94, 56, 79, 63, 37, 44, 48, 85, 0, 3, 58, 59, 95, 89, 51, 41, 0, 31, 86, 34, 15, 54, 45, 18, 57, 0, 10, 35, 40, 6, 29, 88, 72, 0, 99, 93, 26, 65, 28, 84, 14, 16, 53, 0, 61, 38, 36, 82, 27, 77, 67, 0]
instance= 52	infer_time= 1.102s	distance= 12.8275	path=[0, 16, 89, 75, 95, 4, 77, 6, 82, 13, 7, 99, 17, 0, 87, 21, 33, 29, 74, 64, 41, 72, 46, 63, 0, 19, 24, 88, 78, 61, 91, 5, 3, 98, 50, 0, 80, 70, 1, 27, 93, 62, 45, 90, 67, 84, 0, 36, 81, 53, 52, 28, 51, 48, 39, 18, 96, 44, 100, 0, 11, 12, 25, 54, 59, 49, 10, 69, 79, 34, 22, 94, 0, 30, 37, 66, 71, 57, 58, 47, 9, 40, 26, 14, 83, 0, 92, 32, 65, 42, 2, 8, 86, 43, 56, 20, 55, 0, 97, 38, 73, 23, 15, 0, 60, 76, 68, 35, 31, 85, 0]
instance= 53	infer_time= 1.095s	distance= 11.7478	path=[0, 74, 44, 35, 11, 5, 34, 16, 63, 96, 0, 66, 68, 10, 92, 13, 31, 21, 77, 0, 98, 86, 47, 56, 70, 37, 53, 79, 0, 41, 55, 17, 6, 29, 36, 52, 40, 61, 43, 54, 9, 0, 75, 51, 73, 64, 65, 99, 50, 81, 38, 12, 0, 27, 82, 48, 100, 91, 71, 94, 39, 45, 0, 2, 18, 87, 97, 26, 95, 49, 15, 72, 22, 42, 20, 8, 0, 60, 88, 76, 80, 89, 4, 59, 62, 0, 46, 23, 14, 24, 7, 93, 19, 33, 0, 3, 84, 28, 78, 32, 67, 25, 83, 0, 1, 69, 58, 57, 30, 85, 90, 0]
instance= 54	infer_time= 1.087s	distance= 13.8257	path=[0, 47, 69, 86, 59, 67, 90, 82, 80, 93, 8, 0, 48, 74, 42, 1, 46, 6, 66, 85, 57, 19, 78, 77, 58, 0, 65, 50, 70, 17, 21, 5, 54, 9, 23, 24, 40, 94, 4, 98, 55, 0, 87, 12, 32, 76, 56, 10, 100, 31, 92, 34, 89, 0, 13, 26, 16, 84, 52, 20, 61, 88, 0, 30, 63, 97, 73, 81, 28, 35, 0, 2, 14, 44, 99, 91, 45, 15, 41, 72, 0, 3, 29, 53, 7, 51, 83, 27, 25, 36, 0, 33, 79, 64, 62, 22, 75, 68, 96, 37, 39, 0, 18, 49, 71, 60, 95, 43, 11, 0, 38, 0]
instance= 55	infer_time= 1.104s	distance= 10.8908	path=[0, 82, 20, 29, 45, 81, 17, 80, 91, 34, 63, 11, 0, 46, 95, 6, 74, 51, 85, 53, 40, 88, 77, 0, 28, 79, 96, 22, 78, 100, 41, 14, 48, 35, 7, 10, 62, 38, 0, 97, 87, 15, 67, 2, 98, 43, 54, 0, 36, 44, 73, 42, 76, 1, 56, 61, 64, 30, 0, 39, 72, 68, 49, 32, 75, 93, 9, 5, 0, 59, 66, 90, 13, 12, 60, 18, 83, 70, 0, 24, 86, 26, 21, 37, 50, 33, 16, 55, 71, 0, 27, 19, 94, 25, 99, 52, 92, 47, 4, 84, 23, 31, 0, 3, 8, 57, 65, 69, 89, 58, 0]
instance= 56	infer_time= 1.092s	distance= 12.1853	path=[0, 40, 97, 8, 32, 77, 5, 50, 86, 85, 0, 54, 76, 79, 44, 33, 69, 87, 80, 38, 98, 48, 12, 65, 0, 29, 93, 23, 31, 47, 82, 15, 49, 7, 0, 6, 1, 94, 62, 36, 59, 75, 26, 68, 14, 16, 0, 52, 4, 95, 74, 63, 17, 19, 81, 41, 21, 92, 0, 13, 72, 45, 56, 3, 51, 28, 96, 2, 58, 0, 84, 67, 91, 99, 90, 42, 89, 18, 37, 78, 70, 0, 27, 60, 39, 46, 43, 11, 61, 9, 53, 22, 10, 0, 100, 30, 20, 35, 71, 66, 57, 0, 64, 25, 34, 73, 24, 88, 55, 83, 0]
instance= 57	infer_time= 1.103s	distance= 15.6439	path=[0, 32, 53, 17, 25, 43, 76, 77, 70, 65, 62, 50, 85, 0, 54, 94, 97, 90, 42, 5, 87, 92, 18, 35, 0, 57, 72, 96, 95, 79, 11, 9, 88, 61, 73, 0, 59, 36, 75, 19, 40, 16, 37, 21, 27, 64, 83, 0, 45, 20, 58, 74, 84, 66, 98, 4, 0, 47, 68, 12, 55, 29, 99, 100, 41, 71, 86, 80, 0, 2, 89, 26, 91, 22, 14, 63, 24, 0, 82, 28, 60, 81, 15, 33, 10, 48, 31, 23, 0, 6, 69, 13, 44, 34, 78, 8, 7, 0, 52, 93, 67, 51, 1, 56, 38, 0, 30, 49, 46, 3, 39, 0]
instance= 58	infer_time= 1.093s	distance= 15.2839	path=[0, 69, 42, 64, 31, 12, 7, 26, 15, 63, 40, 3, 0, 28, 50, 27, 61, 100, 95, 80, 72, 71, 38, 78, 51, 0, 83, 4, 21, 94, 77, 54, 79, 85, 67, 9, 39, 98, 0, 32, 17, 1, 46, 60, 11, 33, 82, 43, 25, 92, 5, 93, 0, 56, 24, 20, 53, 23, 52, 18, 81, 14, 57, 0, 45, 87, 35, 16, 70, 76, 37, 6, 73, 0, 62, 2, 30, 66, 48, 84, 49, 65, 59, 0, 97, 36, 68, 88, 10, 86, 75, 90, 58, 0, 13, 55, 29, 89, 34, 99, 91, 22, 41, 0, 19, 44, 74, 96, 47, 8, 0]
instance= 59	infer_time= 1.100s	distance= 10.2033	path=[0, 30, 48, 78, 50, 52, 16, 82, 83, 79, 7, 40, 0, 20, 1, 89, 94, 25, 41, 74, 95, 5, 51, 26, 99, 0, 42, 68, 73, 69, 76, 45, 10, 46, 13, 0, 24, 84, 12, 97, 32, 36, 3, 28, 47, 57, 49, 0, 55, 66, 27, 75, 96, 100, 17, 91, 9, 0, 6, 62, 53, 43, 93, 61, 18, 64, 0, 38, 85, 15, 98, 87, 71, 90, 21, 0, 59, 81, 14, 44, 63, 35, 0, 11, 54, 80, 92, 72, 77, 67, 23, 70, 86, 22, 4, 0, 39, 19, 60, 8, 2, 88, 34, 33, 0, 29, 56, 37, 31, 58, 65, 0]
instance= 60	infer_time= 1.098s	distance= 16.1626	path=[0, 71, 28, 25, 58, 98, 13, 23, 42, 31, 5, 0, 78, 60, 33, 24, 86, 35, 8, 3, 0, 56, 97, 51, 27, 76, 64, 96, 2, 0, 9, 89, 66, 100, 67, 17, 40, 38, 55, 0, 82, 47, 36, 18, 34, 32, 46, 45, 83, 59, 0, 92, 95, 14, 54, 75, 11, 72, 65, 21, 0, 77, 26, 70, 16, 79, 80, 39, 50, 48, 7, 53, 93, 22, 69, 0, 4, 63, 99, 94, 90, 61, 74, 43, 0, 41, 57, 30, 73, 12, 81, 6, 0, 20, 68, 49, 88, 84, 85, 10, 19, 0, 62, 91, 29, 1, 15, 52, 0, 44, 37, 87, 0]
instance= 61	infer_time= 1.090s	distance= 10.5585	path=[0, 12, 36, 42, 47, 27, 71, 54, 56, 21, 46, 50, 32, 0, 45, 78, 55, 91, 33, 81, 19, 9, 15, 1, 0, 83, 89, 40, 59, 34, 31, 14, 73, 48, 86, 0, 87, 65, 3, 76, 39, 72, 93, 62, 0, 5, 75, 61, 29, 57, 92, 80, 7, 53, 16, 0, 68, 51, 24, 4, 38, 43, 11, 70, 0, 60, 8, 67, 84, 28, 22, 63, 69, 97, 13, 41, 44, 0, 74, 49, 52, 58, 6, 2, 82, 85, 0, 30, 94, 90, 20, 64, 26, 96, 77, 0, 95, 88, 18, 10, 35, 23, 79, 99, 0, 100, 98, 37, 66, 25, 17, 0]
instance= 62	infer_time= 1.100s	distance= 11.7992	path=[0, 96, 36, 3, 24, 74, 16, 12, 48, 19, 21, 27, 51, 0, 54, 17, 71, 5, 25, 43, 29, 84, 99, 34, 9, 0, 10, 35, 67, 55, 77, 23, 49, 11, 62, 15, 32, 81, 22, 47, 65, 8, 0, 100, 97, 56, 20, 76, 30, 4, 80, 0, 33, 44, 41, 2, 18, 60, 72, 86, 0, 58, 53, 45, 91, 26, 70, 28, 59, 88, 0, 93, 38, 79, 6, 40, 66, 78, 87, 42, 0, 89, 69, 61, 95, 7, 98, 82, 31, 0, 63, 57, 37, 94, 1, 13, 52, 46, 73, 0, 75, 90, 83, 85, 64, 92, 68, 39, 14, 50, 0]
instance= 63	infer_time= 1.091s	distance= 10.8266	path=[0, 4, 52, 42, 29, 47, 35, 18, 12, 3, 100, 0, 20, 81, 45, 79, 24, 56, 59, 71, 27, 2, 30, 96, 0, 98, 85, 15, 63, 86, 39, 83, 66, 90, 0, 68, 82, 55, 36, 50, 62, 97, 32, 84, 74, 25, 54, 76, 0, 41, 33, 60, 10, 16, 17, 61, 77, 19, 0, 65, 13, 73, 89, 49, 67, 91, 43, 94, 14, 0, 80, 72, 48, 51, 6, 26, 8, 28, 31, 0, 1, 5, 40, 75, 23, 69, 21, 38, 92, 53, 0, 11, 99, 87, 46, 57, 7, 95, 0, 88, 58, 44, 34, 9, 93, 22, 0, 64, 70, 37, 78, 0]
instance= 64	infer_time= 1.098s	distance= 11.5679	path=[0, 88, 37, 95, 83, 91, 56, 87, 34, 20, 4, 49, 64, 35, 0, 65, 5, 72, 68, 97, 33, 94, 12, 38, 77, 55, 0, 2, 23, 86, 96, 46, 32, 3, 60, 16, 79, 0, 93, 75, 51, 57, 63, 90, 26, 25, 67, 0, 39, 1, 62, 14, 81, 10, 42, 59, 61, 22, 28, 40, 47, 0, 15, 98, 85, 21, 31, 6, 7, 70, 100, 84, 0, 9, 43, 58, 48, 80, 17, 19, 30, 71, 69, 0, 99, 54, 53, 76, 41, 92, 0, 18, 13, 45, 36, 52, 50, 29, 0, 82, 44, 73, 66, 24, 89, 78, 11, 27, 8, 74, 0]
instance= 65	infer_time= 1.108s	distance= 12.0197	path=[0, 69, 51, 58, 31, 87, 55, 24, 1, 76, 41, 33, 38, 0, 99, 2, 67, 47, 70, 43, 49, 5, 23, 59, 20, 8, 34, 0, 46, 12, 66, 97, 13, 3, 92, 35, 39, 27, 7, 0, 88, 32, 61, 64, 37, 81, 15, 26, 86, 21, 25, 17, 48, 18, 0, 44, 89, 85, 96, 36, 11, 14, 74, 91, 98, 0, 83, 82, 56, 4, 28, 19, 16, 80, 50, 0, 22, 68, 75, 100, 73, 94, 53, 95, 42, 0, 52, 60, 30, 6, 57, 62, 93, 77, 54, 72, 79, 78, 10, 84, 0, 90, 29, 40, 45, 65, 0, 9, 63, 71, 0]
instance= 66	infer_time= 1.095s	distance= 12.1301	path=[0, 75, 19, 15, 34, 32, 76, 47, 41, 86, 91, 2, 0, 26, 82, 42, 78, 6, 4, 85, 69, 54, 84, 0, 22, 28, 67, 72, 94, 64, 98, 74, 79, 30, 56, 0, 33, 14, 70, 44, 99, 87, 11, 31, 0, 27, 5, 23, 21, 49, 93, 20, 0, 100, 88, 10, 48, 65, 24, 12, 18, 3, 0, 90, 1, 43, 46, 83, 50, 25, 89, 71, 0, 57, 52, 38, 81, 66, 73, 8, 16, 0, 39, 63, 55, 51, 37, 13, 35, 96, 77, 97, 0, 29, 9, 59, 62, 36, 17, 45, 0, 61, 53, 40, 92, 60, 58, 80, 0, 68, 95, 7, 0]
instance= 67	infer_time= 1.092s	distance= 12.0315	path=[0, 23, 45, 88, 2, 81, 40, 74, 72, 0, 75, 53, 87, 59, 79, 18, 66, 62, 82, 31, 73, 0, 57, 13, 22, 92, 54, 56, 42, 15, 68, 95, 26, 0, 67, 76, 32, 61, 27, 65, 37, 21, 3, 85, 93, 100, 0, 64, 86, 44, 14, 94, 41, 91, 49, 43, 36, 25, 0, 20, 19, 38, 47, 52, 83, 6, 29, 9, 12, 84, 0, 78, 63, 10, 33, 7, 8, 51, 34, 1, 30, 0, 89, 39, 99, 11, 28, 5, 17, 0, 77, 60, 58, 90, 55, 4, 69, 0, 98, 71, 70, 50, 35, 96, 16, 80, 0, 97, 48, 24, 46, 0]
instance= 68	infer_time= 1.094s	distance= 13.0017	path=[0, 55, 29, 86, 5, 100, 95, 46, 3, 23, 34, 77, 32, 44, 57, 0, 52, 15, 21, 41, 38, 69, 87, 72, 80, 47, 81, 62, 60, 0, 67, 27, 82, 83, 22, 90, 63, 26, 89, 43, 0, 75, 65, 74, 59, 94, 58, 28, 71, 53, 16, 12, 0, 36, 31, 8, 61, 2, 78, 19, 73, 99, 39, 0, 96, 93, 10, 25, 51, 7, 42, 0, 56, 37, 9, 70, 92, 54, 66, 97, 64, 40, 0, 13, 76, 88, 18, 33, 98, 14, 45, 68, 0, 85, 24, 17, 30, 6, 20, 35, 50, 0, 4, 1, 84, 11, 91, 79, 48, 49, 0]
instance= 69	infer_time= 1.098s	distance= 12.8268	path=[0, 86, 67, 27, 91, 17, 40, 35, 46, 83, 0, 8, 21, 65, 53, 13, 23, 100, 88, 56, 64, 69, 2, 0, 84, 98, 97, 96, 70, 66, 73, 7, 0, 49, 68, 58, 42, 79, 9, 82, 0, 26, 57, 59, 80, 81, 89, 37, 25, 75, 50, 47, 32, 0, 95, 55, 4, 43, 24, 94, 1, 52, 31, 39, 0, 30, 12, 99, 92, 33, 90, 38, 63, 28, 0, 76, 10, 5, 93, 34, 51, 16, 0, 78, 60, 45, 15, 18, 62, 44, 14, 0, 3, 74, 72, 54, 87, 36, 77, 20, 0, 85, 19, 6, 22, 61, 11, 0, 71, 48, 41, 29, 0]
instance= 70	infer_time= 1.095s	distance= 15.1854	path=[0, 12, 11, 99, 27, 85, 45, 97, 9, 22, 51, 4, 0, 67, 21, 57, 2, 7, 90, 31, 81, 0, 37, 74, 70, 26, 52, 20, 87, 92, 94, 77, 71, 0, 13, 15, 40, 58, 23, 82, 79, 1, 0, 75, 63, 61, 16, 28, 88, 56, 65, 8, 59, 49, 76, 0, 33, 6, 24, 18, 46, 68, 3, 35, 100, 50, 84, 42, 17, 0, 62, 29, 34, 48, 41, 43, 98, 69, 60, 89, 0, 39, 95, 53, 93, 5, 47, 55, 91, 0, 30, 38, 96, 54, 32, 86, 72, 19, 0, 83, 73, 44, 64, 78, 66, 80, 25, 14, 0, 10, 36, 0]
instance= 71	infer_time= 1.089s	distance= 12.2631	path=[0, 43, 60, 95, 74, 90, 67, 17, 25, 62, 47, 0, 42, 71, 65, 19, 56, 61, 6, 2, 32, 89, 34, 27, 0, 52, 40, 53, 22, 97, 5, 18, 4, 35, 99, 81, 0, 12, 11, 37, 59, 80, 49, 23, 7, 73, 77, 0, 45, 3, 82, 15, 96, 78, 39, 44, 100, 86, 24, 93, 41, 0, 54, 51, 87, 68, 16, 58, 98, 36, 21, 0, 91, 50, 75, 33, 30, 85, 8, 63, 48, 28, 0, 83, 88, 31, 38, 55, 64, 72, 1, 13, 0, 9, 69, 29, 84, 10, 46, 57, 0, 79, 70, 94, 76, 92, 26, 66, 0, 14, 20, 0]
instance= 72	infer_time= 1.089s	distance= 12.0757	path=[0, 46, 89, 61, 62, 81, 2, 30, 34, 1, 0, 75, 23, 77, 41, 38, 92, 26, 0, 57, 70, 88, 35, 29, 51, 69, 18, 39, 21, 4, 0, 50, 96, 10, 42, 25, 66, 9, 60, 84, 0, 37, 64, 12, 100, 59, 97, 63, 67, 98, 5, 0, 55, 14, 27, 94, 28, 87, 99, 15, 86, 24, 36, 22, 43, 31, 52, 0, 95, 56, 11, 80, 20, 91, 65, 17, 8, 0, 93, 6, 78, 16, 72, 76, 73, 33, 0, 58, 90, 83, 13, 49, 47, 19, 0, 74, 53, 85, 68, 44, 45, 40, 0, 79, 3, 7, 54, 32, 71, 48, 82, 0]
instance= 73	infer_time= 1.091s	distance= 13.9388	path=[0, 39, 94, 37, 81, 5, 53, 72, 21, 17, 12, 24, 0, 28, 95, 100, 7, 14, 51, 20, 4, 60, 76, 0, 97, 74, 1, 91, 32, 59, 55, 71, 3, 66, 45, 0, 68, 52, 19, 16, 56, 31, 49, 62, 0, 40, 89, 70, 65, 11, 35, 78, 33, 38, 23, 0, 54, 79, 88, 30, 90, 73, 61, 13, 96, 0, 9, 44, 57, 99, 2, 83, 67, 82, 80, 87, 0, 75, 63, 26, 77, 58, 48, 84, 22, 64, 0, 36, 29, 8, 34, 25, 98, 41, 43, 86, 0, 27, 46, 10, 50, 69, 47, 0, 93, 6, 15, 92, 42, 85, 18, 0]
instance= 74	infer_time= 1.104s	distance= 11.2726	path=[0, 55, 22, 31, 11, 5, 60, 84, 78, 17, 13, 19, 32, 0, 94, 90, 87, 72, 96, 73, 58, 52, 100, 82, 76, 65, 99, 0, 29, 70, 49, 89, 24, 59, 12, 86, 3, 41, 0, 40, 16, 61, 1, 64, 23, 79, 57, 9, 18, 44, 0, 2, 95, 80, 45, 88, 93, 34, 98, 77, 25, 0, 48, 85, 27, 36, 10, 62, 54, 0, 83, 63, 20, 67, 26, 91, 81, 68, 0, 21, 56, 46, 42, 69, 43, 0, 7, 53, 6, 4, 8, 66, 30, 0, 92, 71, 35, 39, 97, 75, 50, 51, 38, 0, 37, 14, 74, 47, 33, 28, 15, 0]
instance= 75	infer_time= 1.084s	distance=  9.8097	path=[0, 32, 83, 42, 98, 55, 88, 79, 57, 81, 0, 62, 31, 56, 14, 20, 64, 10, 30, 74, 76, 23, 21, 0, 68, 96, 24, 95, 4, 35, 60, 13, 0, 34, 72, 82, 36, 54, 66, 28, 5, 85, 17, 91, 61, 0, 87, 84, 8, 50, 73, 67, 33, 46, 51, 43, 0, 41, 7, 19, 80, 48, 47, 86, 0, 53, 52, 70, 99, 9, 58, 93, 65, 37, 25, 12, 0, 6, 40, 69, 92, 44, 94, 27, 90, 75, 0, 71, 97, 63, 18, 49, 45, 1, 100, 16, 11, 0, 15, 78, 59, 3, 26, 77, 38, 89, 29, 22, 2, 39, 0]
instance= 76	infer_time= 1.094s	distance= 10.4543	path=[0, 65, 59, 20, 98, 34, 86, 70, 85, 16, 44, 87, 100, 78, 30, 69, 0, 74, 3, 5, 15, 84, 93, 4, 73, 28, 89, 0, 8, 22, 39, 26, 48, 25, 81, 90, 0, 24, 21, 53, 12, 75, 57, 17, 14, 51, 9, 19, 0, 49, 54, 38, 61, 37, 72, 50, 95, 92, 32, 82, 0, 10, 33, 68, 99, 7, 96, 77, 79, 88, 1, 0, 35, 60, 11, 40, 55, 41, 52, 64, 94, 36, 0, 67, 63, 27, 83, 56, 18, 47, 45, 58, 76, 0, 91, 13, 42, 46, 71, 31, 43, 23, 66, 62, 0, 80, 29, 97, 6, 2, 0]
instance= 77	infer_time= 1.089s	distance= 12.8284	path=[0, 91, 22, 37, 41, 83, 36, 72, 23, 9, 18, 60, 31, 0, 62, 73, 40, 50, 100, 66, 85, 44, 53, 52, 0, 96, 61, 21, 10, 54, 14, 77, 89, 86, 7, 0, 34, 8, 80, 3, 20, 39, 30, 16, 2, 0, 24, 12, 57, 56, 74, 64, 25, 27, 29, 42, 0, 19, 32, 63, 45, 92, 71, 95, 47, 58, 38, 5, 0, 1, 28, 98, 26, 67, 90, 13, 68, 75, 0, 97, 4, 6, 69, 88, 99, 87, 65, 43, 0, 49, 48, 11, 51, 17, 33, 59, 76, 81, 0, 15, 79, 35, 46, 93, 55, 78, 0, 82, 84, 94, 70, 0]
instance= 78	infer_time= 1.103s	distance= 12.7618	path=[0, 14, 58, 97, 4, 20, 90, 48, 22, 38, 29, 93, 0, 24, 5, 49, 86, 72, 40, 19, 60, 13, 42, 63, 0, 39, 82, 75, 10, 31, 70, 11, 2, 79, 68, 6, 50, 0, 7, 9, 94, 8, 32, 92, 98, 23, 16, 44, 0, 65, 45, 43, 73, 100, 67, 95, 96, 27, 12, 35, 0, 54, 81, 74, 62, 30, 57, 1, 25, 83, 41, 0, 28, 26, 36, 71, 21, 69, 84, 89, 52, 15, 64, 80, 37, 18, 0, 17, 91, 88, 76, 85, 77, 51, 0, 34, 47, 59, 46, 66, 87, 55, 61, 0, 33, 99, 53, 3, 78, 56, 0]
instance= 79	infer_time= 1.095s	distance= 11.5339	path=[0, 44, 85, 13, 91, 40, 6, 26, 35, 39, 18, 0, 7, 96, 92, 15, 90, 38, 73, 75, 81, 57, 88, 0, 47, 36, 70, 54, 59, 31, 100, 3, 0, 76, 68, 94, 49, 34, 46, 33, 50, 65, 89, 0, 87, 82, 22, 61, 25, 80, 71, 5, 2, 14, 64, 78, 0, 84, 98, 69, 51, 97, 66, 83, 42, 0, 11, 37, 48, 86, 19, 1, 30, 41, 20, 0, 55, 77, 56, 95, 4, 43, 53, 99, 0, 16, 74, 67, 29, 45, 17, 24, 0, 23, 79, 8, 9, 60, 27, 32, 63, 0, 10, 52, 62, 93, 58, 12, 21, 0, 28, 72, 0]
instance= 80	infer_time= 1.090s	distance= 11.1396	path=[0, 69, 40, 35, 27, 39, 41, 31, 20, 71, 12, 23, 0, 86, 67, 13, 85, 32, 1, 54, 30, 95, 89, 44, 77, 0, 52, 66, 76, 9, 75, 68, 62, 55, 3, 33, 0, 5, 56, 8, 88, 93, 79, 24, 83, 0, 18, 25, 73, 98, 17, 42, 10, 72, 84, 22, 94, 100, 0, 92, 7, 70, 61, 97, 63, 59, 46, 60, 78, 11, 99, 26, 91, 0, 58, 65, 64, 47, 28, 82, 81, 19, 0, 14, 36, 34, 96, 80, 51, 2, 29, 16, 0, 21, 38, 90, 37, 49, 50, 6, 4, 45, 15, 53, 0, 43, 57, 87, 74, 48, 0]
instance= 81	infer_time= 1.085s	distance= 13.7873	path=[0, 9, 85, 96, 52, 69, 20, 99, 2, 54, 57, 0, 82, 6, 77, 38, 74, 16, 11, 68, 0, 4, 7, 83, 87, 26, 32, 94, 67, 100, 72, 63, 89, 0, 84, 91, 58, 14, 42, 49, 30, 31, 98, 28, 61, 0, 55, 40, 12, 36, 95, 62, 64, 53, 35, 22, 97, 0, 8, 79, 27, 1, 56, 23, 93, 37, 10, 86, 0, 45, 60, 41, 71, 34, 21, 17, 44, 0, 92, 13, 15, 39, 5, 76, 81, 18, 25, 0, 88, 75, 50, 90, 47, 73, 19, 46, 43, 70, 0, 48, 3, 59, 78, 51, 33, 80, 0, 24, 65, 66, 29, 0]
instance= 82	infer_time= 1.093s	distance= 10.3118	path=[0, 24, 25, 9, 45, 72, 17, 42, 56, 68, 57, 0, 81, 70, 12, 33, 100, 71, 21, 48, 28, 46, 0, 5, 31, 52, 95, 98, 62, 36, 18, 13, 0, 14, 64, 40, 10, 11, 94, 41, 76, 53, 54, 61, 84, 0, 77, 32, 66, 16, 35, 7, 59, 97, 19, 0, 2, 93, 50, 92, 78, 74, 39, 67, 1, 55, 60, 0, 6, 86, 90, 47, 49, 43, 20, 79, 51, 73, 0, 83, 34, 23, 29, 69, 15, 80, 75, 87, 88, 63, 30, 0, 91, 26, 89, 8, 4, 27, 44, 0, 82, 38, 22, 99, 37, 58, 3, 96, 0, 65, 85, 0]
instance= 83	infer_time= 1.204s	distance= 11.9224	path=[0, 49, 71, 92, 3, 84, 46, 20, 57, 34, 89, 76, 100, 38, 72, 0, 21, 32, 15, 60, 12, 75, 28, 98, 47, 62, 0, 18, 50, 13, 2, 31, 99, 68, 6, 29, 74, 66, 0, 64, 69, 83, 39, 58, 85, 19, 77, 0, 91, 67, 93, 26, 27, 22, 65, 41, 53, 87, 94, 23, 79, 0, 11, 97, 86, 8, 54, 73, 59, 30, 25, 61, 81, 0, 36, 17, 51, 44, 63, 90, 43, 78, 35, 0, 82, 55, 48, 7, 42, 5, 24, 45, 96, 0, 33, 70, 88, 52, 9, 56, 0, 10, 4, 37, 16, 40, 80, 14, 95, 1, 0]
instance= 84	infer_time= 1.152s	distance= 15.5194	path=[0, 69, 33, 29, 90, 5, 2, 6, 26, 17, 20, 0, 23, 21, 8, 34, 24, 52, 73, 65, 56, 71, 1, 58, 12, 0, 31, 19, 77, 81, 96, 15, 36, 91, 25, 78, 89, 92, 0, 82, 85, 9, 39, 53, 88, 94, 42, 7, 30, 0, 86, 51, 35, 16, 50, 38, 59, 74, 62, 64, 0, 13, 22, 48, 3, 47, 43, 70, 27, 10, 54, 72, 0, 100, 45, 63, 41, 49, 76, 83, 66, 57, 67, 79, 0, 4, 40, 14, 97, 44, 37, 75, 84, 95, 0, 18, 80, 28, 87, 99, 46, 55, 98, 93, 68, 0, 61, 32, 60, 11, 0]
instance= 85	infer_time= 1.102s	distance= 11.7457	path=[0, 79, 57, 86, 25, 29, 83, 10, 65, 30, 0, 58, 33, 97, 92, 43, 96, 6, 90, 37, 88, 69, 24, 66, 16, 0, 34, 73, 78, 67, 35, 39, 70, 42, 17, 85, 0, 99, 15, 7, 41, 18, 91, 3, 51, 14, 76, 44, 0, 77, 45, 12, 8, 98, 27, 1, 82, 13, 0, 32, 2, 19, 63, 5, 11, 23, 84, 62, 0, 46, 75, 28, 68, 100, 95, 36, 47, 54, 0, 4, 48, 20, 50, 59, 87, 56, 94, 72, 0, 21, 74, 49, 26, 60, 93, 40, 9, 0, 71, 55, 61, 38, 80, 89, 53, 0, 22, 31, 52, 81, 64, 0]
instance= 86	infer_time= 1.098s	distance= 12.0223	path=[0, 47, 2, 71, 37, 97, 28, 51, 31, 66, 19, 82, 70, 45, 90, 0, 42, 3, 9, 73, 68, 34, 57, 64, 99, 0, 89, 43, 14, 23, 86, 81, 55, 59, 38, 13, 58, 69, 0, 67, 6, 75, 53, 92, 16, 98, 39, 0, 91, 25, 56, 15, 52, 74, 84, 21, 17, 0, 46, 87, 54, 22, 11, 20, 78, 93, 4, 36, 77, 0, 10, 72, 41, 26, 95, 29, 60, 65, 76, 1, 0, 63, 83, 8, 100, 7, 27, 40, 49, 24, 0, 12, 96, 94, 85, 30, 35, 33, 18, 0, 79, 44, 32, 88, 48, 5, 61, 62, 0, 80, 50, 0]
instance= 87	infer_time= 1.091s	distance= 12.7132	path=[0, 50, 77, 13, 64, 54, 93, 30, 94, 72, 62, 67, 53, 49, 0, 5, 59, 26, 91, 52, 58, 15, 100, 63, 20, 34, 89, 0, 31, 10, 24, 76, 73, 44, 69, 48, 42, 18, 0, 65, 38, 80, 22, 92, 74, 55, 7, 75, 71, 40, 78, 0, 28, 25, 3, 84, 83, 46, 9, 96, 39, 0, 12, 8, 1, 60, 87, 17, 14, 81, 0, 85, 99, 32, 51, 21, 45, 43, 79, 95, 0, 88, 11, 57, 35, 29, 16, 47, 36, 19, 4, 27, 0, 98, 6, 33, 97, 70, 41, 66, 68, 0, 86, 37, 82, 2, 56, 61, 23, 0, 90, 0]
instance= 88	infer_time= 1.096s	distance= 11.4811	path=[0, 53, 51, 83, 42, 23, 34, 61, 59, 70, 67, 8, 93, 17, 0, 20, 24, 95, 49, 78, 77, 89, 10, 0, 16, 44, 57, 66, 13, 97, 31, 38, 25, 56, 75, 62, 47, 73, 58, 92, 0, 80, 15, 3, 33, 63, 39, 85, 82, 4, 74, 0, 87, 41, 14, 100, 22, 7, 90, 69, 6, 0, 76, 81, 64, 28, 1, 99, 52, 0, 29, 9, 19, 94, 21, 98, 68, 45, 0, 84, 91, 11, 79, 65, 30, 12, 86, 0, 5, 48, 35, 55, 36, 18, 96, 37, 43, 0, 46, 71, 26, 40, 2, 32, 50, 72, 0, 27, 60, 54, 88, 0]
instance= 89	infer_time= 1.094s	distance= 13.7847	path=[0, 18, 81, 91, 67, 45, 48, 46, 27, 8, 0, 5, 25, 35, 90, 61, 23, 65, 29, 54, 79, 28, 34, 78, 0, 80, 92, 89, 36, 68, 70, 17, 98, 87, 0, 83, 63, 11, 10, 82, 69, 14, 37, 66, 22, 0, 26, 57, 50, 15, 43, 52, 86, 39, 93, 4, 0, 76, 74, 95, 85, 73, 75, 3, 32, 41, 0, 71, 100, 59, 2, 88, 1, 84, 30, 38, 0, 58, 97, 47, 6, 99, 24, 53, 62, 9, 0, 77, 33, 16, 64, 19, 7, 72, 56, 0, 13, 55, 42, 44, 31, 12, 96, 0, 60, 51, 40, 94, 21, 49, 20, 0]
instance= 90	infer_time= 1.091s	distance=  9.9640	path=[0, 28, 12, 77, 15, 51, 44, 18, 64, 91, 33, 0, 79, 100, 72, 46, 97, 95, 87, 55, 70, 65, 40, 0, 67, 42, 76, 86, 29, 8, 60, 43, 21, 3, 82, 23, 61, 71, 0, 14, 26, 37, 90, 25, 73, 35, 58, 22, 20, 2, 0, 4, 9, 48, 1, 88, 10, 94, 38, 45, 0, 54, 93, 69, 41, 75, 31, 92, 59, 17, 0, 96, 84, 49, 11, 98, 80, 68, 74, 0, 32, 39, 53, 36, 30, 50, 56, 27, 34, 57, 24, 0, 7, 62, 83, 63, 66, 13, 99, 6, 81, 52, 89, 0, 78, 85, 16, 19, 47, 5, 0]
instance= 91	infer_time= 1.088s	distance= 10.9006	path=[0, 63, 5, 62, 59, 68, 86, 85, 18, 23, 12, 4, 88, 0, 21, 6, 50, 14, 69, 76, 30, 73, 53, 87, 0, 94, 42, 2, 9, 15, 24, 35, 43, 0, 34, 19, 84, 41, 70, 78, 39, 1, 60, 81, 0, 83, 29, 57, 27, 16, 100, 67, 71, 98, 51, 92, 0, 45, 97, 72, 52, 22, 91, 47, 20, 90, 49, 95, 0, 44, 54, 31, 10, 48, 28, 37, 13, 3, 25, 61, 0, 99, 65, 33, 89, 8, 58, 75, 74, 26, 0, 11, 56, 38, 77, 17, 96, 93, 82, 0, 80, 40, 7, 55, 79, 46, 66, 32, 0, 64, 36, 0]
instance= 92	infer_time= 1.098s	distance= 12.9296	path=[0, 44, 67, 31, 5, 40, 35, 54, 70, 53, 58, 83, 0, 8, 62, 99, 63, 85, 47, 14, 84, 0, 9, 82, 66, 87, 75, 57, 61, 19, 11, 0, 96, 4, 16, 12, 77, 42, 32, 22, 36, 90, 26, 80, 46, 0, 59, 6, 74, 60, 29, 23, 88, 33, 91, 95, 0, 27, 98, 17, 37, 92, 2, 68, 48, 0, 43, 51, 93, 78, 28, 76, 25, 65, 97, 1, 94, 0, 49, 72, 86, 20, 38, 3, 21, 13, 0, 52, 50, 55, 18, 64, 71, 24, 81, 0, 89, 69, 73, 30, 56, 15, 45, 34, 0, 10, 100, 39, 79, 41, 7, 0]
instance= 93	infer_time= 1.095s	distance=  9.6594	path=[0, 48, 80, 51, 59, 7, 73, 68, 5, 10, 6, 52, 78, 0, 88, 81, 99, 43, 76, 69, 26, 24, 31, 90, 0, 38, 21, 70, 91, 100, 98, 23, 75, 86, 12, 72, 0, 93, 62, 36, 65, 22, 95, 55, 13, 11, 87, 46, 42, 0, 44, 67, 45, 58, 63, 77, 57, 49, 0, 35, 96, 85, 18, 40, 34, 30, 64, 8, 84, 16, 27, 97, 0, 2, 32, 92, 74, 33, 53, 83, 89, 4, 19, 94, 82, 0, 54, 41, 79, 3, 56, 39, 47, 15, 14, 60, 1, 61, 0, 50, 9, 17, 66, 29, 28, 37, 71, 20, 0, 25, 0]
instance= 94	infer_time= 1.086s	distance= 12.5664	path=[0, 16, 41, 32, 87, 90, 27, 17, 47, 0, 91, 24, 30, 14, 52, 44, 98, 8, 23, 0, 56, 72, 92, 100, 39, 86, 33, 73, 57, 58, 75, 0, 94, 7, 60, 76, 53, 6, 88, 84, 35, 0, 51, 28, 26, 62, 82, 93, 38, 46, 77, 5, 21, 0, 25, 54, 1, 70, 78, 15, 65, 34, 96, 64, 0, 69, 10, 71, 80, 31, 19, 59, 20, 0, 22, 13, 36, 43, 89, 79, 48, 18, 61, 63, 50, 85, 37, 83, 4, 0, 49, 42, 2, 12, 97, 67, 45, 29, 81, 0, 74, 9, 68, 11, 40, 99, 3, 66, 0, 95, 55, 0]
instance= 95	infer_time= 1.089s	distance= 10.0131	path=[0, 13, 33, 91, 3, 5, 74, 94, 8, 44, 90, 26, 0, 49, 78, 75, 81, 54, 97, 80, 27, 60, 93, 57, 29, 55, 0, 14, 71, 47, 76, 19, 15, 67, 70, 89, 87, 42, 65, 0, 24, 48, 30, 43, 88, 21, 7, 35, 77, 59, 39, 23, 0, 64, 40, 34, 61, 28, 10, 92, 72, 17, 41, 37, 58, 36, 0, 82, 79, 96, 51, 69, 83, 95, 85, 50, 100, 0, 86, 2, 25, 99, 98, 38, 52, 16, 63, 6, 32, 0, 31, 1, 12, 11, 45, 56, 46, 22, 4, 53, 0, 68, 73, 66, 20, 62, 84, 9, 0, 18, 0]
instance= 96	infer_time= 1.090s	distance= 14.1736	path=[0, 8, 14, 88, 33, 61, 16, 15, 1, 91, 0, 74, 87, 76, 39, 50, 2, 28, 48, 98, 3, 60, 4, 0, 47, 79, 73, 5, 58, 95, 26, 17, 21, 0, 75, 59, 35, 49, 78, 10, 54, 62, 31, 85, 0, 52, 84, 67, 51, 34, 6, 70, 29, 0, 27, 81, 30, 80, 22, 42, 69, 82, 89, 68, 0, 37, 97, 53, 45, 11, 43, 20, 32, 19, 66, 7, 0, 100, 86, 12, 18, 71, 99, 13, 83, 72, 0, 63, 92, 9, 36, 96, 44, 90, 64, 0, 25, 41, 38, 77, 94, 65, 24, 56, 23, 57, 55, 0, 46, 40, 93, 0]
instance= 97	infer_time= 1.091s	distance= 11.9520	path=[0, 37, 33, 53, 63, 43, 73, 17, 64, 16, 96, 0, 62, 28, 84, 50, 79, 99, 18, 70, 19, 0, 49, 2, 34, 67, 13, 1, 93, 92, 75, 81, 51, 0, 9, 65, 71, 15, 55, 60, 26, 90, 39, 25, 45, 69, 59, 0, 12, 40, 48, 94, 14, 21, 89, 87, 47, 46, 0, 36, 20, 32, 42, 78, 31, 10, 88, 80, 35, 82, 4, 0, 7, 30, 72, 5, 22, 56, 77, 76, 97, 0, 23, 100, 54, 74, 58, 68, 6, 0, 66, 52, 86, 61, 11, 95, 85, 27, 57, 0, 83, 44, 29, 24, 3, 98, 38, 41, 0, 91, 8, 0]
instance= 98	infer_time= 1.093s	distance= 13.5746	path=[0, 7, 66, 65, 8, 14, 30, 71, 80, 4, 17, 73, 0, 93, 32, 51, 76, 33, 94, 86, 22, 23, 100, 53, 25, 84, 0, 27, 20, 78, 19, 24, 69, 1, 43, 56, 46, 60, 36, 0, 47, 9, 61, 41, 3, 49, 44, 48, 40, 0, 2, 64, 16, 57, 99, 34, 92, 59, 11, 85, 52, 0, 26, 21, 50, 5, 72, 82, 15, 70, 28, 0, 55, 77, 90, 10, 97, 91, 87, 83, 81, 0, 18, 74, 67, 95, 13, 35, 68, 37, 0, 96, 12, 31, 54, 45, 88, 39, 62, 75, 0, 89, 63, 98, 79, 58, 0, 38, 6, 29, 42, 0]
instance= 99	infer_time= 1.099s	distance= 15.7372	path=[0, 17, 25, 46, 95, 11, 4, 62, 54, 51, 76, 0, 2, 26, 64, 71, 19, 47, 20, 12, 96, 0, 38, 68, 39, 67, 49, 37, 9, 13, 40, 0, 92, 88, 81, 5, 74, 45, 75, 83, 0, 24, 58, 94, 29, 77, 8, 18, 98, 0, 31, 65, 42, 53, 100, 16, 21, 69, 82, 10, 0, 99, 66, 23, 41, 55, 72, 6, 97, 60, 84, 0, 14, 85, 89, 7, 15, 48, 1, 78, 61, 0, 86, 34, 27, 93, 33, 3, 36, 0, 30, 22, 59, 63, 50, 57, 73, 91, 35, 90, 0, 32, 28, 44, 87, 80, 70, 0, 79, 52, 43, 56, 0]
instance=100	infer_time= 1.088s	distance= 12.7640	path=[0, 65, 4, 18, 70, 72, 86, 26, 31, 59, 11, 54, 34, 82, 77, 88, 22, 0, 64, 10, 25, 3, 39, 43, 56, 6, 35, 67, 0, 99, 12, 79, 47, 49, 80, 27, 5, 32, 63, 8, 0, 45, 41, 71, 74, 55, 33, 20, 0, 19, 29, 9, 7, 13, 90, 53, 69, 0, 68, 73, 92, 61, 24, 16, 84, 94, 96, 40, 0, 95, 44, 66, 91, 37, 1, 17, 28, 57, 30, 0, 50, 83, 87, 21, 38, 15, 97, 98, 0, 89, 46, 48, 78, 60, 51, 62, 14, 93, 0, 75, 2, 36, 23, 81, 100, 76, 0, 52, 42, 85, 58, 0]
instance=101	infer_time= 1.099s	distance= 12.0925	path=[0, 88, 34, 72, 18, 84, 5, 40, 56, 11, 26, 23, 3, 0, 83, 14, 67, 7, 65, 78, 46, 91, 21, 29, 45, 0, 87, 32, 17, 9, 75, 82, 51, 85, 27, 0, 98, 33, 12, 54, 53, 69, 64, 100, 13, 47, 0, 50, 94, 2, 20, 77, 89, 70, 74, 36, 48, 30, 49, 0, 97, 76, 42, 60, 10, 66, 68, 99, 38, 0, 31, 57, 1, 41, 92, 37, 63, 39, 58, 6, 0, 52, 4, 73, 90, 62, 25, 44, 80, 61, 79, 0, 28, 96, 71, 35, 81, 86, 8, 55, 16, 24, 0, 22, 93, 15, 95, 19, 43, 59, 0]
instance=102	infer_time= 1.099s	distance= 11.5086	path=[0, 16, 90, 77, 49, 58, 38, 63, 44, 75, 3, 24, 36, 0, 13, 15, 34, 1, 54, 22, 20, 68, 27, 98, 42, 0, 94, 57, 56, 66, 89, 29, 97, 83, 0, 84, 18, 92, 2, 23, 43, 59, 53, 73, 60, 0, 31, 87, 11, 88, 25, 12, 81, 4, 85, 8, 0, 19, 86, 46, 26, 82, 28, 5, 47, 0, 32, 7, 41, 17, 50, 40, 74, 0, 45, 80, 35, 95, 62, 78, 72, 51, 21, 37, 30, 91, 0, 55, 79, 48, 70, 64, 39, 0, 100, 14, 96, 52, 76, 61, 6, 71, 0, 67, 99, 69, 65, 10, 33, 93, 9, 0]
instance=103	infer_time= 1.088s	distance= 15.2199	path=[0, 87, 60, 74, 32, 92, 8, 58, 51, 30, 0, 11, 4, 13, 42, 81, 24, 63, 19, 73, 20, 0, 16, 95, 84, 1, 47, 21, 5, 14, 99, 0, 28, 2, 41, 54, 69, 45, 37, 83, 66, 97, 91, 34, 12, 53, 9, 0, 71, 96, 62, 98, 29, 18, 48, 10, 0, 64, 82, 35, 78, 15, 26, 43, 77, 93, 44, 3, 59, 23, 0, 76, 36, 40, 75, 22, 39, 55, 88, 38, 0, 50, 68, 7, 46, 31, 94, 49, 79, 52, 0, 25, 70, 72, 27, 65, 33, 61, 67, 90, 80, 0, 86, 89, 56, 57, 100, 6, 17, 85, 0]
instance=104	infer_time= 1.090s	distance= 12.4356	path=[0, 49, 29, 63, 94, 12, 2, 62, 32, 60, 75, 35, 0, 28, 52, 58, 82, 37, 42, 85, 0, 27, 9, 10, 6, 65, 50, 19, 43, 25, 0, 11, 46, 47, 84, 15, 74, 30, 55, 69, 7, 0, 48, 72, 71, 22, 44, 70, 59, 31, 40, 0, 66, 26, 100, 3, 87, 21, 24, 0, 97, 45, 20, 73, 56, 81, 77, 98, 68, 16, 0, 86, 88, 39, 51, 92, 1, 80, 17, 89, 90, 38, 0, 36, 54, 95, 61, 13, 64, 23, 41, 18, 14, 0, 8, 79, 67, 4, 34, 96, 33, 5, 53, 83, 0, 76, 91, 93, 57, 78, 99, 0]
instance=105	infer_time= 1.098s	distance= 11.2116	path=[0, 63, 92, 10, 3, 71, 87, 26, 98, 90, 0, 54, 24, 33, 67, 46, 80, 62, 97, 64, 25, 59, 76, 38, 0, 70, 30, 13, 9, 68, 96, 22, 41, 99, 100, 61, 20, 0, 28, 2, 66, 1, 85, 84, 19, 34, 6, 11, 0, 29, 51, 77, 7, 43, 79, 88, 49, 44, 78, 56, 72, 53, 75, 0, 86, 81, 45, 39, 40, 12, 89, 48, 91, 31, 0, 23, 50, 55, 47, 82, 52, 18, 42, 57, 0, 93, 32, 74, 69, 27, 8, 95, 17, 83, 37, 4, 0, 60, 35, 94, 58, 36, 73, 16, 65, 21, 0, 5, 15, 14, 0]
instance=106	infer_time= 1.090s	distance= 13.9620	path=[0, 22, 32, 86, 87, 5, 91, 31, 51, 3, 85, 0, 69, 52, 41, 64, 73, 98, 92, 99, 83, 0, 77, 13, 2, 68, 26, 97, 76, 42, 65, 61, 44, 0, 20, 94, 48, 30, 17, 62, 72, 25, 89, 9, 21, 0, 40, 100, 95, 45, 80, 15, 38, 84, 96, 93, 36, 0, 88, 81, 75, 4, 34, 50, 27, 29, 14, 90, 0, 43, 56, 74, 58, 47, 59, 46, 55, 54, 0, 79, 12, 53, 60, 35, 24, 49, 0, 37, 28, 16, 66, 1, 6, 71, 70, 57, 10, 63, 0, 82, 18, 39, 78, 7, 19, 67, 11, 33, 8, 0, 23, 0]
instance=107	infer_time= 1.093s	distance= 10.9348	path=[0, 100, 35, 74, 29, 7, 1, 94, 60, 25, 0, 64, 24, 78, 21, 70, 65, 54, 0, 81, 31, 44, 56, 99, 97, 14, 26, 71, 0, 3, 38, 76, 88, 68, 16, 50, 92, 15, 0, 47, 59, 34, 61, 28, 9, 42, 51, 43, 0, 58, 87, 66, 6, 39, 10, 84, 12, 18, 0, 4, 8, 55, 85, 80, 49, 19, 52, 0, 36, 57, 90, 91, 96, 23, 40, 77, 41, 0, 27, 72, 89, 33, 30, 2, 62, 83, 53, 22, 0, 67, 11, 13, 69, 86, 32, 17, 48, 93, 0, 79, 95, 82, 5, 75, 45, 37, 63, 46, 20, 98, 0, 73, 0]
instance=108	infer_time= 1.088s	distance= 12.0626	path=[0, 17, 99, 38, 85, 98, 31, 43, 41, 79, 59, 14, 0, 57, 71, 35, 92, 39, 47, 84, 63, 0, 20, 21, 70, 19, 62, 36, 87, 88, 45, 80, 56, 95, 25, 33, 0, 3, 49, 5, 86, 64, 22, 6, 9, 0, 29, 18, 11, 100, 26, 66, 10, 28, 89, 0, 1, 37, 8, 32, 74, 67, 75, 60, 16, 0, 81, 50, 42, 30, 76, 73, 13, 93, 65, 0, 7, 46, 83, 4, 77, 48, 58, 0, 51, 27, 82, 72, 55, 2, 12, 61, 23, 0, 94, 24, 44, 15, 54, 69, 78, 0, 53, 97, 40, 90, 52, 0, 96, 68, 34, 91, 0]
instance=109	infer_time= 1.103s	distance= 11.1828	path=[0, 20, 19, 51, 59, 61, 49, 17, 62, 91, 56, 90, 0, 31, 98, 68, 48, 40, 92, 35, 25, 93, 33, 12, 38, 0, 50, 32, 67, 66, 6, 41, 100, 29, 57, 34, 3, 0, 1, 83, 85, 60, 26, 28, 2, 79, 99, 5, 0, 46, 47, 72, 11, 45, 58, 95, 97, 64, 21, 70, 0, 54, 15, 84, 69, 18, 23, 73, 76, 82, 0, 7, 88, 75, 24, 13, 87, 27, 94, 42, 0, 43, 78, 36, 65, 8, 30, 37, 22, 9, 4, 0, 39, 63, 44, 55, 14, 52, 53, 81, 0, 77, 74, 10, 96, 71, 80, 16, 86, 89, 0]
instance=110	infer_time= 1.254s	distance= 12.4498	path=[0, 28, 92, 20, 71, 93, 53, 49, 3, 64, 94, 47, 27, 0, 98, 89, 56, 24, 9, 7, 84, 32, 82, 63, 30, 91, 77, 0, 97, 79, 69, 88, 52, 37, 55, 11, 39, 61, 78, 0, 74, 67, 10, 44, 85, 50, 6, 17, 0, 72, 68, 96, 15, 35, 43, 8, 38, 70, 46, 0, 76, 83, 80, 99, 58, 18, 23, 73, 90, 41, 12, 0, 45, 13, 5, 57, 66, 21, 25, 29, 42, 100, 0, 81, 31, 26, 16, 95, 22, 33, 0, 48, 1, 59, 54, 14, 34, 4, 0, 60, 2, 62, 40, 51, 75, 86, 19, 65, 36, 87, 0]
instance=111	infer_time= 1.193s	distance= 14.4116	path=[0, 12, 56, 77, 84, 87, 13, 44, 41, 0, 60, 4, 5, 53, 75, 46, 55, 35, 7, 16, 51, 0, 1, 40, 74, 62, 50, 100, 22, 65, 86, 78, 0, 99, 66, 88, 30, 32, 47, 83, 91, 18, 0, 49, 93, 23, 31, 68, 58, 71, 95, 72, 76, 0, 10, 38, 36, 6, 45, 79, 70, 94, 33, 0, 90, 19, 96, 37, 97, 92, 52, 9, 17, 0, 81, 3, 67, 39, 98, 42, 54, 80, 34, 0, 89, 59, 27, 20, 24, 85, 82, 69, 73, 8, 14, 0, 28, 26, 21, 43, 64, 63, 61, 48, 29, 0, 11, 25, 2, 57, 15, 0]
instance=112	infer_time= 1.207s	distance= 12.7580	path=[0, 51, 37, 96, 16, 84, 42, 58, 54, 0, 38, 65, 31, 59, 68, 72, 70, 14, 73, 26, 0, 39, 63, 83, 23, 79, 41, 36, 81, 15, 18, 33, 95, 0, 80, 61, 92, 19, 85, 62, 99, 50, 69, 44, 0, 78, 43, 91, 7, 75, 66, 49, 5, 53, 87, 67, 0, 27, 17, 55, 25, 3, 74, 2, 52, 13, 48, 98, 90, 0, 97, 45, 1, 89, 40, 6, 100, 12, 47, 20, 0, 21, 60, 56, 29, 86, 76, 34, 46, 0, 88, 22, 35, 30, 4, 71, 24, 32, 82, 0, 10, 8, 57, 11, 94, 93, 9, 64, 77, 28, 0]
instance=113	infer_time= 1.217s	distance= 11.7712	path=[0, 56, 81, 93, 66, 51, 33, 59, 80, 3, 41, 90, 0, 29, 77, 12, 50, 39, 74, 67, 83, 57, 49, 34, 91, 84, 75, 0, 14, 19, 64, 46, 44, 78, 16, 27, 97, 5, 76, 98, 0, 100, 37, 32, 61, 82, 1, 28, 55, 47, 10, 85, 0, 48, 11, 30, 42, 72, 94, 24, 4, 63, 0, 7, 13, 43, 79, 96, 36, 18, 23, 52, 0, 70, 73, 38, 31, 62, 60, 6, 87, 53, 69, 15, 20, 88, 25, 0, 65, 8, 2, 22, 58, 45, 35, 99, 0, 92, 89, 40, 9, 86, 68, 54, 71, 0, 95, 17, 21, 26, 0]
instance=114	infer_time= 1.100s	distance= 11.7871	path=[0, 70, 23, 39, 92, 64, 52, 5, 17, 93, 91, 32, 42, 31, 10, 0, 34, 48, 25, 76, 13, 75, 15, 41, 72, 0, 79, 40, 20, 46, 2, 50, 18, 45, 33, 89, 74, 0, 98, 63, 38, 14, 4, 95, 77, 47, 9, 0, 67, 99, 1, 16, 81, 28, 3, 6, 60, 0, 82, 88, 36, 30, 73, 12, 68, 80, 90, 0, 69, 11, 59, 27, 96, 24, 71, 26, 21, 0, 8, 83, 87, 7, 35, 43, 78, 0, 29, 100, 97, 94, 44, 54, 65, 49, 55, 19, 0, 56, 66, 84, 58, 51, 53, 22, 61, 0, 62, 57, 85, 86, 37, 0]
instance=115	infer_time= 1.099s	distance= 10.9444	path=[0, 100, 9, 54, 82, 32, 15, 87, 85, 3, 0, 69, 7, 44, 38, 47, 24, 17, 1, 19, 2, 0, 99, 25, 93, 77, 46, 86, 58, 94, 76, 5, 79, 0, 56, 22, 59, 70, 78, 45, 26, 37, 84, 14, 23, 50, 0, 64, 96, 98, 27, 4, 71, 66, 60, 89, 0, 51, 68, 31, 13, 97, 81, 20, 29, 8, 43, 12, 0, 33, 16, 95, 48, 75, 36, 6, 42, 34, 90, 55, 0, 83, 10, 92, 62, 91, 63, 21, 35, 30, 41, 0, 88, 73, 18, 67, 74, 40, 61, 11, 28, 0, 53, 80, 72, 57, 52, 65, 49, 39, 0]
instance=116	infer_time= 1.097s	distance= 15.0554	path=[0, 66, 9, 37, 33, 52, 99, 75, 74, 2, 71, 92, 60, 0, 98, 76, 69, 64, 21, 84, 54, 61, 86, 0, 13, 93, 91, 32, 82, 10, 36, 58, 67, 3, 48, 94, 0, 20, 1, 88, 56, 96, 22, 45, 5, 27, 8, 62, 0, 89, 38, 30, 14, 68, 83, 70, 31, 15, 41, 0, 42, 49, 23, 47, 40, 79, 43, 35, 11, 72, 0, 24, 29, 18, 4, 85, 26, 51, 28, 0, 34, 39, 6, 87, 55, 50, 95, 59, 57, 0, 78, 80, 90, 17, 7, 97, 44, 73, 0, 46, 25, 16, 53, 65, 19, 63, 0, 77, 100, 12, 81, 0]
instance=117	infer_time= 1.091s	distance= 13.6725	path=[0, 72, 46, 81, 55, 93, 18, 97, 34, 31, 28, 23, 0, 10, 71, 70, 75, 42, 40, 51, 8, 13, 19, 96, 0, 88, 20, 53, 4, 15, 69, 84, 6, 45, 91, 29, 98, 0, 49, 57, 90, 99, 22, 48, 36, 16, 87, 0, 50, 3, 33, 64, 56, 73, 26, 38, 30, 0, 94, 43, 17, 5, 100, 76, 77, 59, 0, 85, 60, 25, 92, 63, 68, 78, 39, 0, 9, 47, 83, 12, 66, 79, 35, 32, 0, 41, 89, 65, 74, 2, 86, 58, 1, 27, 0, 44, 21, 7, 54, 11, 80, 37, 62, 52, 0, 95, 24, 14, 61, 67, 82, 0]
instance=118	infer_time= 1.092s	distance= 15.2549	path=[0, 100, 67, 40, 42, 50, 54, 46, 44, 87, 0, 17, 47, 95, 23, 14, 26, 62, 86, 16, 0, 41, 91, 3, 84, 8, 31, 97, 72, 69, 0, 61, 48, 71, 75, 77, 6, 82, 24, 30, 80, 18, 51, 79, 0, 29, 70, 15, 13, 85, 19, 28, 49, 55, 35, 0, 63, 93, 96, 92, 34, 53, 36, 7, 25, 0, 74, 32, 1, 60, 22, 11, 38, 81, 0, 66, 73, 52, 12, 27, 57, 10, 78, 68, 90, 59, 0, 43, 89, 39, 94, 20, 33, 56, 88, 58, 2, 0, 98, 21, 64, 83, 45, 65, 76, 0, 9, 37, 99, 4, 5, 0]
instance=119	infer_time= 1.104s	distance= 13.6814	path=[0, 36, 42, 41, 84, 91, 44, 37, 12, 46, 0, 56, 88, 85, 99, 80, 83, 48, 33, 71, 67, 73, 0, 21, 35, 86, 60, 4, 95, 17, 82, 43, 76, 0, 39, 68, 27, 50, 100, 16, 5, 79, 53, 90, 70, 0, 89, 55, 31, 9, 81, 47, 29, 78, 77, 66, 23, 34, 0, 87, 19, 96, 64, 74, 15, 97, 7, 40, 51, 20, 0, 28, 13, 24, 93, 62, 49, 94, 0, 58, 25, 65, 92, 98, 38, 0, 75, 61, 63, 72, 1, 54, 45, 10, 0, 18, 32, 2, 30, 57, 3, 14, 59, 69, 0, 11, 22, 6, 52, 26, 8, 0]
instance=120	infer_time= 1.100s	distance= 12.9513	path=[0, 13, 40, 15, 39, 73, 60, 96, 84, 86, 0, 89, 77, 68, 74, 37, 43, 41, 8, 49, 0, 22, 16, 5, 48, 34, 7, 97, 99, 1, 46, 0, 33, 20, 10, 92, 23, 64, 81, 91, 90, 36, 31, 95, 18, 0, 93, 45, 79, 87, 11, 94, 71, 51, 9, 54, 19, 0, 44, 35, 85, 57, 56, 75, 67, 70, 25, 3, 63, 76, 27, 0, 88, 6, 53, 42, 12, 52, 32, 72, 78, 4, 0, 83, 98, 65, 2, 66, 38, 50, 29, 58, 0, 69, 21, 62, 61, 26, 24, 80, 28, 0, 47, 55, 14, 17, 59, 100, 82, 30, 0]
instance=121	infer_time= 1.095s	distance= 14.2552	path=[0, 68, 4, 61, 2, 36, 42, 58, 63, 64, 73, 27, 0, 34, 65, 87, 62, 74, 90, 32, 5, 57, 3, 10, 0, 19, 31, 70, 1, 95, 75, 28, 48, 92, 0, 37, 8, 30, 44, 41, 78, 89, 67, 39, 0, 7, 14, 83, 20, 15, 45, 22, 26, 93, 29, 0, 38, 17, 98, 51, 69, 21, 96, 80, 72, 16, 53, 9, 66, 50, 0, 11, 100, 24, 47, 86, 76, 23, 60, 97, 59, 0, 43, 82, 6, 12, 40, 94, 18, 46, 0, 81, 55, 85, 33, 13, 54, 88, 0, 35, 77, 99, 56, 71, 91, 79, 52, 0, 84, 49, 25, 0]
instance=122	infer_time= 1.090s	distance= 12.9066	path=[0, 39, 66, 6, 81, 28, 1, 63, 89, 0, 95, 47, 69, 74, 48, 16, 51, 33, 29, 12, 3, 17, 21, 0, 53, 91, 10, 83, 43, 2, 25, 86, 100, 30, 0, 14, 34, 76, 45, 94, 38, 8, 78, 0, 24, 96, 27, 72, 82, 67, 79, 18, 65, 62, 0, 7, 56, 4, 5, 31, 98, 20, 49, 52, 0, 58, 42, 75, 35, 9, 57, 15, 37, 87, 90, 0, 85, 32, 22, 71, 77, 36, 70, 84, 19, 54, 59, 0, 40, 60, 11, 55, 46, 88, 41, 0, 92, 93, 13, 44, 64, 68, 23, 0, 97, 61, 80, 26, 99, 50, 73, 0]
instance=123	infer_time= 1.093s	distance= 12.1438	path=[0, 48, 52, 99, 36, 42, 35, 11, 8, 9, 33, 49, 79, 0, 18, 50, 63, 24, 28, 26, 85, 54, 75, 87, 58, 65, 0, 96, 90, 14, 71, 83, 68, 74, 95, 73, 20, 29, 0, 77, 17, 3, 56, 51, 66, 16, 46, 82, 0, 100, 61, 59, 64, 6, 21, 2, 47, 30, 37, 97, 0, 23, 13, 43, 1, 25, 55, 40, 39, 94, 0, 80, 31, 88, 67, 44, 84, 76, 91, 92, 27, 70, 41, 81, 0, 53, 62, 15, 12, 93, 4, 7, 98, 89, 69, 0, 10, 38, 57, 32, 60, 86, 72, 78, 0, 34, 5, 22, 19, 45, 0]
instance=124	infer_time= 1.098s	distance= 13.1294	path=[0, 54, 20, 52, 35, 15, 38, 92, 24, 79, 18, 60, 29, 7, 0, 19, 46, 74, 83, 28, 99, 53, 16, 62, 67, 43, 3, 0, 69, 9, 48, 50, 81, 41, 88, 61, 93, 95, 39, 96, 0, 59, 30, 86, 37, 78, 36, 56, 94, 32, 0, 2, 44, 71, 58, 75, 82, 11, 14, 80, 49, 0, 98, 84, 5, 13, 90, 73, 25, 0, 8, 22, 72, 89, 1, 66, 33, 17, 0, 55, 4, 57, 40, 64, 63, 31, 87, 85, 100, 47, 0, 91, 12, 26, 34, 6, 45, 68, 42, 70, 10, 0, 21, 97, 23, 65, 76, 77, 51, 27, 0]
instance=125	infer_time= 1.094s	distance= 13.9112	path=[0, 61, 15, 51, 69, 59, 3, 92, 79, 64, 4, 0, 80, 18, 81, 89, 22, 13, 11, 17, 7, 88, 0, 78, 85, 12, 62, 9, 37, 45, 31, 33, 30, 35, 84, 82, 0, 56, 74, 96, 1, 43, 21, 99, 34, 98, 91, 55, 0, 27, 70, 90, 41, 67, 97, 2, 52, 60, 5, 23, 0, 39, 93, 24, 8, 44, 29, 54, 20, 77, 0, 95, 86, 94, 65, 16, 72, 10, 0, 49, 38, 87, 28, 26, 40, 83, 0, 71, 32, 100, 63, 73, 19, 75, 36, 42, 0, 48, 47, 57, 14, 53, 50, 0, 25, 66, 6, 76, 68, 58, 46, 0]
instance=126	infer_time= 1.097s	distance= 13.2525	path=[0, 57, 89, 44, 18, 93, 92, 60, 31, 73, 76, 0, 38, 98, 58, 61, 40, 42, 37, 15, 27, 12, 51, 29, 78, 28, 0, 1, 75, 63, 59, 39, 83, 33, 45, 46, 71, 0, 13, 77, 30, 48, 41, 32, 7, 19, 72, 16, 56, 54, 26, 36, 0, 35, 21, 69, 70, 64, 91, 74, 85, 66, 0, 100, 68, 23, 17, 25, 95, 88, 49, 11, 0, 10, 67, 4, 62, 80, 96, 86, 5, 79, 22, 81, 0, 87, 47, 43, 82, 65, 55, 24, 14, 6, 99, 0, 3, 9, 97, 2, 34, 8, 53, 52, 84, 94, 50, 0, 90, 20, 0]
instance=127	infer_time= 1.154s	distance= 13.8667	path=[0, 40, 5, 6, 21, 29, 52, 93, 0, 62, 9, 28, 7, 26, 99, 53, 54, 75, 60, 68, 17, 13, 89, 3, 0, 70, 65, 76, 51, 22, 34, 49, 63, 91, 67, 69, 0, 59, 18, 85, 30, 92, 87, 35, 33, 43, 16, 15, 0, 64, 58, 80, 39, 47, 48, 88, 41, 50, 74, 81, 0, 95, 1, 24, 36, 83, 4, 55, 37, 0, 61, 84, 31, 8, 57, 77, 90, 46, 98, 78, 0, 100, 23, 2, 73, 38, 12, 96, 66, 97, 72, 94, 0, 25, 71, 44, 56, 20, 82, 86, 42, 32, 27, 0, 79, 14, 10, 45, 11, 19, 0]
instance=128	infer_time= 1.171s	distance= 13.7505	path=[0, 89, 78, 6, 96, 60, 51, 55, 97, 14, 39, 0, 42, 79, 40, 99, 62, 90, 98, 24, 75, 69, 0, 45, 3, 7, 18, 84, 32, 44, 21, 29, 0, 88, 48, 86, 76, 93, 81, 30, 70, 11, 25, 61, 0, 36, 37, 80, 43, 71, 5, 59, 1, 100, 19, 64, 0, 63, 66, 20, 16, 92, 2, 67, 74, 49, 41, 0, 4, 12, 85, 35, 87, 58, 91, 13, 82, 17, 22, 33, 0, 27, 28, 53, 54, 38, 52, 47, 77, 68, 23, 0, 15, 83, 9, 95, 56, 65, 72, 46, 0, 73, 50, 31, 26, 8, 57, 0, 34, 10, 94, 0]
Repeat 1 summary: total_infer=142.193s  total_dist=1603.2227  avg_infer=1.111s  avg_dist=12.5252

===================================
          实验平均结果          
平均推理时间（单实例）: 1.111s
平均路径长度:           12.5252
===================================
